593
112
97
23
126
94
104
29
25
743
23
29
126
25
97
743
94
593
104
112
94
593
743
23
112
126
25
97
104
29
593
94
25
743
97
112
29
126
104
23
23
112
593
25
94
743
97
104
126
29
97
29
23
25
126
593
94
104
112
743
593
23
94
25
126
29
112
743
97
104
23
593
25
112
94
29
97
104
743
126
29
112
743
94
593
23
97
126
104
25
97
743
29
25
94
104
112
593
126
23
112
104
94
97
25
23
29
593
126
743
94
97
25
126
593
23
29
112
743
104
126
104
743
25
593
112
29
97
94
23
593
743
112
23
29
97
25
94
104
126
97
112
23
104
593
94
25
743
29
126
94
97
29
23
112
743
25
593
126
104
29
126
25
23
593
112
94
743
97
104
743
23
112
25
104
126
94
29
97
593
29
112
97
593
104
743
23
126
25
94
593
112
94
23
25
29
97
743
104
126
126
29
743
593
94
97
112
25
104
23
97
25
743
29
126
593
94
23
112
104
94
104
23
112
25
29
743
126
97
593
23
25
97
112
743
104
126
94
29
593
29
112
97
593
94
126
743
25
104
23
23
593
104
126
29
97
94
25
743
112
23
593
94
25
104
112
743
97
29
126
97
593
126
25
104
743
94
112
23
29
593
25
743
126
29
97
23
112
104
94
104
29
25
23
593
94
743
126
112
97
94
126
112
25
593
29
23
104
743
97
23
29
97
104
112
94
126
593
743
25
126
94
97
104
112
593
25
743
29
23
23
126
104
94
593
112
743
25
29
97
94
23
97
593
126
104
112
25
743
29
25
97
23
104
593
112
94
126
743
29
126
593
23
94
104
743
29
97
112
25
743
112
23
94
25
593
97
126
104
29
104
97
593
25
94
743
29
23
112
126
25
112
29
97
23
104
593
126
94
743
23
112
593
25
97
29
104
126
94
743
593
104
97
25
94
112
743
29
126
23
25
112
104
23
94
126
29
593
743
97
23
97
25
593
29
94
743
126
104
112
112
94
743
25
97
593
126
104
23
29
25
29
112
743
94
23
126
104
97
593
593
23
25
104
29
743
112
126
94
97
593
112
23
743
25
97
104
29
94
126
743
23
112
97
104
25
126
94
29
593
29
94
593
25
97
112
104
23
126
743