4
0
8
71
264
118
238
38
20
307
264
238
0
20
8
38
71
4
307
118
71
38
118
8
0
238
307
264
4
20
8
118
71
238
307
38
264
0
4
20
238
0
264
38
71
8
4
20
118
307
0
71
118
8
238
38
307
4
264
20
8
118
71
0
4
238
20
38
264
307
20
38
118
71
307
264
8
0
4
238
0
264
71
307
8
238
20
4
38
118
4
264
38
307
0
8
71
238
118
20
38
238
8
0
71
264
4
118
307
20
38
238
4
20
264
71
8
307
118
0
307
4
20
8
264
238
0
38
118
71
8
264
118
38
71
307
0
20
238
4
4
238
307
71
0
20
118
38
8
264
71
264
4
8
0
38
118
20
238
307
307
118
71
4
238
0
264
20
38
8
4
0
8
307
118
38
238
264
20
71
8
0
238
20
4
71
38
118
307
264
238
0
8
38
118
4
20
264
307
71
38
238
0
20
264
71
118
8
4
307
4
238
8
118
71
0
20
38
307
264
38
71
238
4
264
8
118
20
307
0
238
118
307
0
4
264
8
20
71
38
4
71
0
238
264
307
8
38
20
118
8
4
118
0
264
307
38
71
238
20
4
71
0
238
38
118
8
264
20
307
0
38
264
4
118
307
20
8
238
71
8
4
38
307
264
71
118
0
238
20
307
118
38
71
4
8
264
20
0
238
4
0
264
20
118
8
307
238
38
71
264
4
0
118
71
38
307
8
20
238
264
238
0
4
8
307
38
20
71
118
238
20
118
4
8
0
307
38
71
264
238
0
20
4
71
264
307
118
8
38
0
20
238
307
4
38
118
8
264
71
264
307
8
118
0
238
38
71
20
4
0
71
118
20
8
4
238
307
38
264
38
307
20
4
0
8
118
238
264
71
20
307
8
38
4
0
71
118
264
238
38
118
8
4
71
238
264
307
20
0
0
264
307
8
20
4
238
38
71
118
71
238
307
4
264
0
8
118
38
20
0
118
307
20
8
38
4
71
264
238
307
8
71
20
118
4
238
264
38
0
238
71
118
20
307
0
4
264
38
8
8
20
264
238
38
0
4
307
118
71
4
238
71
0
118
8
264
38
20
307
20
38
264
0
71
238
8
118
4
307
264
307
71
8
38
4
238
0
118
20