8
239
118
238
4
38
20
307
0
71
8
307
4
239
20
118
238
71
0
38
307
239
4
238
8
71
20
38
118
0
71
0
4
20
239
8
307
238
38
118
8
71
118
307
239
238
4
0
38
20
38
238
118
8
307
0
4
20
239
71
307
238
4
239
0
8
118
20
71
38
238
239
0
307
38
71
8
118
4
20
4
38
238
118
307
71
239
8
20
0
38
4
118
239
238
307
71
20
8
0
38
8
0
239
20
4
118
307
71
238
20
118
0
307
239
8
71
4
38
238
38
118
239
238
20
71
8
4
307
0
4
38
8
0
20
307
239
71
238
118
8
239
238
71
38
0
4
20
118
307
118
238
307
239
8
20
0
38
71
4
38
307
4
118
238
20
71
239
0
8
20
4
8
38
239
307
118
0
71
238
118
20
307
4
239
38
71
238
8
0
8
0
71
38
4
238
307
20
118
239
38
20
4
71
239
0
307
118
8
238
238
4
307
0
38
8
20
118
239
71
71
8
38
4
20
307
238
0
118
239
38
239
238
71
8
307
0
20
118
4
38
20
307
238
8
4
239
118
0
71
71
0
8
38
307
238
20
4
239
118
71
38
238
4
239
0
20
118
8
307
239
307
8
38
118
20
0
238
71
4
8
20
0
38
239
238
307
118
71
4
38
71
0
307
20
118
239
238
8
4
4
20
8
238
239
0
38
71
307
118
118
239
307
20
38
71
0
8
4
238
239
118
20
38
238
4
0
8
71
307
20
38
239
71
118
8
0
307
4
238
38
118
71
238
20
239
4
8
0
307
8
20
307
38
4
71
118
238
0
239
20
8
71
238
118
38
239
4
0
307
71
239
238
20
0
38
4
118
8
307
307
0
238
38
239
20
8
4
118
71
239
0
38
71
20
4
307
118
238
8
71
8
238
20
0
118
38
4
239
307
4
118
238
20
307
8
0
239
38
71
118
4
8
38
0
238
239
71
20
307
8
239
4
118
238
0
307
38
71
20
20
0
307
71
8
118
239
38
238
4
4
239
307
71
8
38
0
20
238
118
239
38
0
307
20
71
118
8
4
238
0
8
71
238
20
38
4
307
118
239
71
20
118
38
307
4
0
238
8
239
8
38
0
20
118
239
238
307
71
4