97
104
29
25
126
23
743
112
94
593
97
743
23
29
104
94
126
593
112
25
593
94
112
743
23
126
104
29
25
97
23
97
104
743
29
112
593
25
94
126
94
112
23
29
593
25
97
743
126
104
104
593
94
29
25
126
97
23
112
743
104
94
25
29
126
112
743
97
23
593
94
25
126
593
104
743
29
23
112
97
112
25
743
97
29
23
94
593
126
104
126
29
593
23
97
25
104
743
112
94
97
104
743
94
29
23
112
126
25
593
126
97
743
23
25
104
94
29
112
593
112
29
126
25
94
104
97
593
23
743
29
743
25
94
112
126
104
23
97
593
126
593
23
25
29
97
743
94
112
104
743
25
29
126
104
593
97
23
112
94
25
593
743
104
126
29
97
112
23
94
104
25
593
94
29
97
23
743
126
112
29
94
104
743
25
593
97
112
23
126
593
94
112
23
743
97
25
29
104
126
593
126
23
29
104
112
743
25
97
94
104
94
593
29
23
112
743
126
97
25
112
25
94
126
23
743
104
593
97
29
23
97
94
112
126
29
25
593
104
743
97
29
94
126
743
593
104
112
25
23
112
126
593
104
29
23
94
97
743
25
743
593
104
94
112
25
126
29
23
97
126
743
97
104
94
29
23
25
593
112
97
112
743
23
25
126
104
593
94
29
97
126
743
593
112
25
94
23
29
104
94
29
25
126
112
104
23
743
593
97
29
97
104
593
23
112
94
743
126
25
29
94
97
126
25
593
743
104
112
23
25
112
94
104
23
743
593
126
29
97
25
593
112
126
743
104
29
97
94
23
23
29
126
25
743
104
94
593
97
112
743
126
23
94
25
97
112
29
593
104
94
29
97
112
743
104
25
593
126
23
29
126
94
593
25
97
104
23
743
112
593
743
29
112
23
126
94
104
97
25
112
743
94
104
593
29
25
126
97
23
126
29
94
743
104
97
593
23
112
25
743
97
593
112
25
104
94
126
29
23
743
593
29
97
94
112
25
104
23
126
112
97
29
126
23
94
104
743
593
25
25
97
126
104
94
112
593
23
743
29
97
104
126
23
112
29
593
743
94
25
29
104
112
94
97
25
23
593
743
126
29
126
112
97
94
593
25
104
23
743
104
23
743
593
97
94
112
126
25
29