71
38
0
238
118
4
239
20
307
8
71
38
4
238
20
307
118
8
239
0
0
20
118
8
71
239
4
38
307
238
38
0
8
20
118
239
307
238
71
4
38
0
20
8
239
71
4
307
238
118
118
239
38
0
307
238
71
8
4
20
8
38
20
307
0
4
238
239
118
71
8
4
239
118
238
307
0
20
71
38
20
238
307
71
38
118
0
4
239
8
4
71
238
8
20
118
38
307
0
239
307
8
239
4
71
238
20
118
0
38
8
4
118
38
20
239
71
307
0
238
0
118
239
38
238
8
4
307
71
20
238
71
0
38
239
307
118
4
8
20
20
307
71
118
239
0
8
4
38
238
4
238
20
71
38
8
307
239
0
118
118
71
238
307
4
38
20
239
8
0
118
4
71
0
8
38
239
307
238
20
239
71
8
20
238
307
0
38
4
118
0
71
239
38
8
20
4
118
238
307
238
118
71
8
239
0
307
20
38
4
118
38
238
0
239
20
8
4
307
71
239
0
20
8
71
118
38
307
4
238
118
20
307
0
8
38
71
238
4
239
38
118
20
238
239
4
0
71
8
307
118
38
0
239
238
8
71
20
4
307
4
239
8
118
71
38
238
20
0
307
4
307
38
71
8
118
0
239
20
238
0
238
118
20
8
38
71
307
239
4
238
20
118
239
4
71
0
38
307
8
0
239
118
38
20
8
238
4
307
71
4
307
238
0
8
239
118
71
38
20
239
8
238
71
118
38
20
307
0
4
38
238
8
0
118
71
4
307
239
20
238
0
38
4
20
307
71
239
118
8
4
20
239
71
38
307
118
8
238
0
20
239
8
238
307
118
4
38
0
71
20
238
0
239
71
8
4
118
307
38
238
20
4
38
239
0
8
71
307
118
238
38
307
118
0
239
20
8
71
4
238
8
20
0
71
307
239
38
4
118
239
8
4
307
71
0
118
238
20
38
71
4
38
8
239
307
118
0
238
20
71
118
4
38
238
307
20
8
0
239
238
307
4
38
239
71
8
20
0
118
8
307
4
239
118
238
0
71
20
38
307
4
8
118
238
71
0
38
239
20
0
20
71
307
239
238
118
4
8
38
38
307
118
0
20
4
71
8
238
239
307
238
4
38
20
0
118
71
8
239