95
25
97
104
23
112
29
126
94
593
95
112
97
25
29
104
94
126
593
23
593
112
25
94
29
126
95
23
97
104
104
95
97
29
112
23
593
126
25
94
23
126
29
94
593
25
95
112
104
97
25
23
593
112
104
97
29
94
95
126
97
112
94
25
29
23
95
593
104
126
95
29
126
94
23
112
97
593
25
104
97
94
25
104
593
29
112
95
126
23
95
29
112
593
104
94
97
126
25
23
112
97
94
23
95
25
29
593
104
126
593
23
112
104
25
29
126
95
97
94
23
25
126
94
593
95
29
97
112
104
593
94
95
29
25
104
23
126
97
112
104
112
593
25
29
126
94
23
95
97
97
126
593
23
95
94
112
29
25
104
95
126
104
94
593
97
112
29
25
23
593
25
97
126
94
23
95
112
104
29
126
29
94
104
95
112
25
23
97
593
126
29
104
94
25
95
112
593
23
97
104
25
29
94
97
126
23
593
112
95
112
593
126
104
23
29
94
97
95
25
94
29
593
104
112
23
25
97
126
95
593
126
95
23
97
112
104
29
25
94
97
126
29
94
95
104
25
112
23
593
104
25
593
97
95
126
23
112
94
29
95
126
25
112
97
104
23
593
94
29
94
593
95
29
126
23
97
104
25
112
29
126
112
94
95
97
104
25
593
23
112
95
94
25
104
593
97
126
29
23
104
97
593
29
95
94
112
126
23
25
126
23
94
25
95
112
104
593
29
97
97
112
104
126
94
29
25
593
23
95
29
95
25
593
94
112
104
126
97
23
25
104
97
126
23
593
95
112
94
29
593
112
126
23
104
29
25
94
95
97
94
97
25
112
104
593
23
95
126
29
25
97
29
95
593
23
104
94
126
112
95
593
112
25
97
94
104
126
29
23
95
112
97
25
593
126
104
94
23
29
104
29
593
95
97
23
94
25
126
112
593
94
95
112
25
126
104
97
29
23
593
23
29
104
97
94
126
95
25
112
94
104
112
97
95
23
593
29
25
126
126
29
23
593
95
112
94
97
104
25
593
104
29
126
95
23
94
112
25
97
25
23
97
104
593
29
126
95
112
94
23
126
95
94
112
25
593
29
104
97
104
126
593
97
23
94
95
29
112
25
97
593
29
112
23
104
94
95
126
25