112
223
104
95
94
593
29
126
97
24
94
593
743
112
24
97
25
126
104
29
126
593
94
25
743
223
112
97
29
95
126
95
23
593
97
94
24
743
104
29
24
743
23
112
97
94
29
223
25
126
95
23
24
97
223
593
104
94
126
743
126
112
95
743
104
593
23
25
97
29
24
104
223
126
112
593
94
97
743
29
112
29
104
25
95
24
97
223
593
126
112
25
104
223
29
94
126
23
743
97
104
24
95
593
94
23
112
743
223
126
94
593
95
112
29
97
743
104
126
24
94
95
23
126
743
29
112
104
97
24
23
97
112
29
743
94
104
593
126
223
593
23
97
95
104
223
94
25
743
112
24
593
104
223
743
97
95
94
126
112
25
112
29
24
97
743
126
95
593
94
25
24
104
223
95
29
97
126
94
112
24
223
29
94
112
126
95
743
97
593
112
743
126
223
97
24
593
23
29
94
25
223
95
593
112
97
24
126
94
104
104
95
94
97
743
223
126
112
25
24
24
223
743
95
112
126
29
23
104
97
743
97
29
104
25
94
126
24
23
223
126
104
29
593
25
23
743
94
97
24
25
97
112
126
95
29
743
94
223
593
112
95
743
25
593
126
29
104
24
97
593
94
112
29
97
126
223
95
25
104
94
223
126
743
29
25
23
112
593
95
94
95
25
593
104
97
23
126
743
24
126
223
593
23
743
25
104
97
29
112
97
29
104
94
112
743
24
593
223
23
25
94
95
743
104
97
126
223
23
29
743
97
126
593
94
104
95
29
24
23
593
23
95
223
94
743
104
112
24
25
97
94
95
126
112
743
23
104
593
29
29
126
104
24
25
223
94
23
112
97
95
126
223
29
23
24
104
97
593
94
593
743
112
94
126
95
25
97
29
223
23
25
112
97
24
95
104
743
223
29
24
94
223
25
743
593
97
126
104
23
25
94
23
29
593
97
223
112
24
95
25
29
23
97
112
593
104
94
24
743
94
104
24
126
23
593
95
29
223
25
104
112
743
95
23
126
593
29
24
223
743
112
593
29
23
97
24
94
223
104
23
25
126
743
593
112
97
95
24
104
223
24
112
104
95
94
126
23
97
743
97
24
23
593
95
112
223
25
104
126
743
126
97
95
104
112
29
593
23
223