238
87
366
165
257
71
8
135
264
118
165
118
103
8
87
238
239
38
20
0
71
257
20
118
239
135
87
38
366
264
165
8
366
20
38
238
135
264
307
239
103
135
307
20
71
4
264
8
118
87
103
71
8
239
264
135
38
366
307
118
103
239
0
165
238
264
4
257
71
38
257
71
103
135
307
38
118
0
87
4
307
165
8
4
20
257
0
366
118
239
87
71
4
103
239
0
264
38
20
165
8
238
165
307
103
38
20
0
366
71
264
307
8
87
238
103
38
135
4
165
165
8
264
0
239
307
4
118
87
135
135
8
257
264
366
103
87
238
71
0
71
0
20
4
238
135
87
366
8
239
8
4
366
0
103
257
20
239
135
264
135
103
38
307
165
264
366
4
0
239
103
71
238
366
165
38
257
118
87
20
307
8
264
0
103
239
118
71
38
257
87
165
118
8
238
20
103
307
0
38
87
135
38
366
264
4
20
239
307
257
20
264
239
366
38
238
4
118
257
0
20
103
4
118
8
307
71
165
38
87
135
4
87
0
264
71
103
366
307
238
366
103
87
118
257
307
0
4
71
8
238
239
8
257
135
366
71
165
118
307
135
87
0
239
4
8
38
71
257
165
38
20
135
118
264
103
87
307
257
0
307
87
135
71
4
118
165
0
103
239
103
135
165
0
20
38
238
239
257
8
20
264
8
0
38
165
135
239
4
366
366
71
238
118
103
38
239
165
264
20
366
264
238
257
20
0
135
307
118
239
307
0
20
135
118
264
238
38
103
165
38
307
118
264
103
135
4
366
71
87
135
71
165
118
239
264
87
20
238
0
103
71
366
239
87
238
165
0
38
264
257
165
118
4
87
239
366
238
20
71
38
366
0
103
20
165
8
71
118
264
4
0
118
165
366
135
71
239
264
103
257
118
307
366
264
38
165
8
103
238
118
20
8
264
4
366
71
87
0
307
0
118
20
257
135
366
165
307
8
71
38
239
20
118
366
4
103
307
8
257
307
165
239
4
8
20
38
87
257
0
20
4
87
135
118
307
264
257
103
71
4
20
307
38
366
103
0
8
87
239
103
87
165
4
20
38
264
257
8
239
118
38
366
8
264
71
239
165
307
238
264
0
165
366
118
135
87
239
4
307