5
3
51
94
65
3
94
5
65
51
65
51
94
5
3
3
94
65
5
51
5
65
51
94
3
3
5
65
51
94
65
94
3
5
51
65
51
5
94
3
65
94
5
51
3
65
51
3
5
94
65
5
3
94
51
3
5
65
94
51
94
65
3
5
51
5
94
65
3
51
3
94
51
65
5
51
65
94
3
5
65
5
94
3
51
94
3
5
65
51
5
3
65
94
51
94
5
3
51
65
5
65
3
94
51
51
3
65
5
94
51
94
5
65
3
3
5
51
65
94
3
51
65
94
5
3
5
51
65
94
51
65
3
5
94
5
94
65
3
51
65
94
5
51
3
65
94
51
3
5
51
65
3
5
94
51
3
5
65
94
94
5
3
65
51
65
3
5
51
94
51
65
5
94
3
3
94
51
5
65
94
3
65
51
5
5
94
65
51
3
51
3
5
94
65
94
5
51
65
3
94
65
51
3
5
5
51
3
94
65
65
3
94
5
51
3
65
5
51
94
51
94
3
65
5
94
51
65
5
3
94
65
51
3
5
5
65
3
94
51
51
94
3
65
5
3
51
65
94
5