10
92
110
3
16
110
10
92
16
3
16
3
110
92
10
16
92
110
3
10
92
110
3
16
10
92
110
3
10
16
16
3
110
92
10
110
16
3
10
92
10
16
3
110
92
3
110
10
16
92
3
10
16
92
110
16
92
3
110
10
3
10
16
92
110
92
16
110
10
3
92
16
110
10
3
92
3
110
10
16
110
3
10
16
92
3
110
16
10
92
110
16
92
10
3
10
3
92
110
16
3
110
16
92
10
3
92
16
10
110
3
16
10
110
92
110
92
16
3
10
3
16
110
10
92
92
3
110
16
10
16
110
3
92
10
16
10
110
3
92
3
16
110
92
10
16
10
110
92
3
16
92
110
10
3
92
16
3
110
10
16
10
3
92
110
3
16
10
110
92
10
92
3
110
16
10
92
16
3
110
3
110
10
16
92
92
110
16
10
3
110
3
16
92
10
110
10
92
16
3
92
10
3
110
16
110
10
92
16
3
10
3
16
92
110
92
10
3
110
16
92
3
10
16
110
16
110
10
3
92
10
110
3
92
16
92
16
10
110
3
3
10
16
92
110
110
3
10
16
92