3
51
16
92
107
92
94
51
3
110
16
94
3
10
110
110
107
3
51
10
51
5
3
110
94
92
110
16
51
10
65
10
110
94
5
65
110
16
10
107
94
92
5
10
110
65
94
16
3
51
5
10
94
16
51
65
94
10
107
92
51
107
10
5
94
65
94
3
107
16
5
10
107
110
65
10
110
51
107
65
3
94
107
92
16
107
5
94
65
16
107
92
5
3
10
65
92
107
16
3
107
16
94
110
10
16
65
94
51
110
16
5
110
65
10
3
10
94
65
5
51
5
10
110
94
5
3
10
65
94
3
65
92
94
16
110
10
5
94
107
16
3
107
65
5
5
10
92
65
94
107
92
16
110
3
107
92
65
51
16
65
92
3
110
5
94
51
107
10
92
5
94
10
92
65
110
16
107
94
5
110
10
5
16
92
94
107
65
51
110
92
10
3
16
51
92
3
65
51
16
10
92
107
65
51
92
3
107
94
65
65
110
94
5
107
94
5
16
10
92
5
3
107
110
92
65
107
51
92
110
3
51
10
92
5
92
51
16
110
107
5
51
94
16
110
65
51
16
107
5