137
9
28
73
24
82
8
155
107
96
24
96
82
107
8
155
73
28
137
9
24
73
107
155
8
96
137
9
28
82
73
107
9
28
96
137
24
82
155
8
96
107
73
82
155
24
9
8
28
137
73
9
96
107
155
137
8
28
24
82
9
82
137
73
24
155
28
107
8
96
155
107
137
9
28
8
82
73
96
24
73
155
28
107
9
137
8
24
82
96
155
8
28
96
107
24
73
137
82
9
9
28
73
155
8
107
96
82
137
24
107
82
8
73
137
96
24
9
28
155
137
73
28
96
155
8
107
82
24
9
8
137
82
155
107
28
96
73
9
24
155
107
73
82
24
96
137
9
28
8
28
107
96
9
73
155
137
8
24
82
107
96
9
24
28
155
137
73
8
82
137
107
82
24
96
73
8
28
155
9
107
96
28
155
9
82
24
8
73
137
96
28
24
82
155
107
137
8
9
73
137
9
82
96
155
73
28
24
8
107
8
28
96
9
107
24
155
73
82
137
8
155
107
137
28
24
82
73
96
9
155
96
24
137
8
28
73
107
9
82
9
96
73
24
155
8
82
28
137
107
28
24
107
96
155
8
137
82
73
9
137
8
96
82
73
107
9
28
24
155
107
96
24
73
9
28
137
82
8
155
24
8
107
73
137
96
28
155
9
82
28
9
24
107
8
155
82
96
137
73
9
73
96
28
107
82
24
137
155
8
28
24
107
137
155
8
82
96
9
73
24
82
107
28
137
8
96
155
73
9
96
155
8
107
137
24
73
82
9
28
82
155
8
73
137
96
28
9
24
107
82
137
96
73
107
24
8
155
9
28
8
137
82
73
96
28
155
24
107
9
96
155
24
9
107
82
8
73
137
28
82
9
73
155
107
8
137
24
96
28
137
107
9
8
155
24
28
96
82
73
8
28
73
82
137
96
155
107
9
24
73
9
137
8
28
82
155
96
24
107
8
24
28
107
82
137
155
9
73
96
82
155
137
73
8
24
28
96
107
9
24
82
155
107
28
8
73
137
9
96
155
28
96
73
8
137
24
9
107
82
73
107
155
8
24
137
9
28
96
82
73
137
107
9
8
24
96
82
155
28
28
82
8
73
96
155
137
107
24
9
28
155
8
107
82
73
24
9
137
96