107
16
117
189
221
110
0
68
226
127
68
121
113
16
117
221
189
0
281
127
221
226
110
0
113
121
16
68
189
127
281
221
113
121
117
226
16
107
189
127
107
281
189
113
117
68
127
121
0
221
113
68
221
226
107
117
127
0
281
110
127
68
226
221
110
113
189
117
281
0
189
16
221
117
281
121
68
226
113
0
110
68
221
189
107
0
117
121
281
16
117
110
221
0
107
121
281
16
68
113
127
226
221
68
281
0
121
107
117
189
16
221
113
121
117
281
226
0
189
110
110
221
189
281
121
0
113
16
107
226
121
0
127
281
16
68
117
221
113
107
110
68
226
117
281
16
107
189
127
121
281
0
121
16
107
113
221
68
226
110
189
110
127
281
68
221
107
121
117
226
226
0
110
16
281
113
68
107
221
189
117
189
68
281
0
226
110
221
121
16
113
127
226
107
117
110
16
221
281
121
281
0
113
107
110
121
117
221
16
127
107
68
110
113
121
127
226
281
221
0
117
16
226
189
0
121
68
127
221
107
121
281
16
226
0
68
107
110
127
221
0
16
127
110
113
221
107
117
226
281
117
0
226
281
221
121
107
110
189
68
113
221
117
189
121
0
281
226
110
127
68
221
110
0
189
127
281
16
107
226
226
281
113
221
0
127
117
16
68
110
121
68
16
110
221
127
0
107
281
113
127
117
281
16
226
121
113
110
68
107
68
226
281
16
189
107
117
121
110
127
221
117
189
0
226
113
121
110
281
68
121
16
0
226
113
117
110
68
189
127
113
68
117
110
189
16
0
127
107
121
226
127
281
117
107
121
68
0
221
113
189
281
226
113
121
117
68
221
16
127
110
189
0
68
16
107
121
113
127
117
221
226
110
107
0
189
281
117
68
16
121
226
16
127
0
110
189
281
68
221
0
107
189
113
110
226
117
68
281
127
113
117
121
127
110
16
281
189
0
107
281
127
110
16
221
107
0
113
226
121
0
107
117
113
16
226
68
281
189
221
110
281
0
113
16
127
107
68
121
117
68
121
221
107
16
117
127
0
226
189
281
107
16
226
127
189
221
110
0
68
110
281
113
16
127
121
189
0
117
221
189
226
127
107
121
0
117
221
110
68
16
0
121
221
117
113
189
68
226
281