101
130
183
164
80
87
3
6
165
189
130
87
189
183
3
164
165
6
80
101
6
101
80
3
87
189
165
183
130
164
164
130
183
87
101
189
165
80
6
3
3
6
101
87
164
165
183
189
130
80
183
6
101
165
80
3
87
130
164
189
165
164
3
130
183
87
189
6
101
80
6
183
165
3
87
101
164
80
130
189
87
3
101
165
130
189
80
6
164
183
165
87
6
164
130
3
183
101
189
80
189
165
80
3
183
164
6
101
87
130
164
3
183
101
6
80
87
189
130
165
3
189
87
101
6
183
130
164
165
80
80
87
130
164
165
3
183
189
6
101
165
101
80
87
130
189
183
6
164
3
183
101
165
164
6
3
87
189
130
80
87
189
183
130
165
80
6
164
101
3
164
189
6
165
183
101
87
130
80
3
189
130
101
87
80
164
165
183
6
3
164
3
183
101
130
165
189
80
6
87
165
6
101
3
130
87
183
80
164
189
87
6
183
164
80
130
101
3
165
189
183
6
165
3
87
130
164
80
189
101
87
189
3
6
101
164
183
130
165
80
87
130
165
164
183
6
3
80
101
189
101
6
183
87
80
130
165
189
164
3
101
164
130
165
189
3
6
80
183
87
6
130
80
101
183
189
164
87
3
165
87
164
165
130
3
189
183
101
6
80
6
189
130
101
165
87
80
183
164
3
3
189
87
183
130
165
80
6
101
164
183
164
189
101
130
87
6
80
165
3
165
3
189
101
183
164
87
130
6
80
183
130
101
3
87
189
165
164
6
80
130
80
183
101
87
3
164
165
6
189
165
6
189
130
80
87
3
164
183
101
3
80
6
130
183
189
87
165
101
164
80
164
130
101
6
3
165
87
183
189
165
189
101
3
130
87
80
164
183
6
80
164
87
130
6
3
189
165
101
183
130
80
3
165
183
101
189
87
6
164
3
101
80
130
183
165
189
87
164
6
3
101
165
87
189
130
183
6
164
80
80
3
6
165
164
130
87
101
189
183
189
164
101
165
130
80
87
6
183
3
130
3
183
87
80
6
164
189
165
101
130
6
3
101
87
80
165
189
164
183
130
80
164
87
183
101
3
6
189
165
130
6
87
183
164
3
165
80
189
101
6
87
3
164
80
183
189
165
130
101