8
28
73
195
155
24
163
107
109
82
82
195
96
73
8
137
155
28
109
24
96
163
73
109
195
24
107
9
82
28
9
73
8
96
109
137
82
24
155
28
8
24
73
107
28
195
109
82
155
163
28
107
96
195
137
163
155
9
109
73
195
109
8
137
28
82
73
163
155
107
28
82
107
73
96
137
109
24
163
195
155
73
28
195
109
8
107
163
137
24
73
8
195
137
163
28
9
109
82
155
109
82
8
28
107
73
163
96
9
195
163
107
137
24
73
28
82
96
9
195
82
195
96
24
109
107
8
137
9
163
109
137
96
107
163
73
82
195
28
8
8
24
107
9
163
82
155
109
195
28
155
195
82
73
96
28
8
107
163
137
73
96
107
109
155
137
82
8
163
28
195
163
109
96
73
8
9
82
107
24
195
28
155
82
137
24
73
107
163
8
8
155
109
195
137
9
82
24
107
96
96
163
82
195
8
24
109
73
9
155
155
163
137
107
195
73
8
96
82
9
137
163
8
107
195
96
109
73
155
82
8
195
82
28
155
109
107
163
24
73
96
24
9
8
195
107
82
109
155
137
73
8
82
107
109
24
28
155
137
96
82
163
28
109
96
9
8
107
155
73
96
8
163
82
195
155
24
109
28
137
24
8
137
96
163
155
107
195
109
73
137
73
195
8
109
9
28
163
155
82
8
82
137
24
73
109
28
107
9
195
8
107
9
137
82
73
155
96
28
195
24
109
155
9
82
163
73
195
8
137
9
109
155
107
163
73
195
28
82
8
73
9
155
28
82
24
107
96
8
195
137
155
24
73
195
28
8
96
163
9
96
163
195
107
82
28
24
8
137
73
109
195
9
155
8
163
137
107
28
82
137
163
195
8
28
73
107
82
109
24
82
9
137
73
96
107
8
109
155
24
107
28
9
163
24
73
109
96
195
82
73
8
163
82
155
137
195
28
107
24
82
155
163
73
24
96
28
137
109
9
109
73
195
107
28
137
9
155
24
8
8
137
163
96
24
195
155
28
73
107
109
24
155
73
137
28
9
96
195
8
163
137
24
107
82
28
73
109
8
195
9
8
137
155
24
107
96
195
73
28
73
155
8
195
96
137
163
9
109
24
137
195
155
8
96
73
24
163
82
28