164
87
147
165
11
189
3
6
9
176
3
6
11
87
189
176
165
147
164
9
6
3
11
165
189
9
164
147
176
87
9
164
87
147
3
189
176
11
165
6
3
9
147
6
176
11
87
165
164
189
6
3
165
87
147
189
164
176
11
9
3
9
189
11
165
176
147
87
164
6
176
147
165
164
87
6
3
9
11
189
147
6
164
87
176
189
165
11
9
3
11
164
3
189
165
147
176
87
6
9
11
176
164
9
87
147
165
6
3
189
87
6
165
189
3
147
164
176
9
11
189
6
9
176
3
165
147
164
11
87
165
164
87
3
147
176
11
6
189
9
3
189
164
87
9
6
165
147
176
11
165
147
87
164
6
176
189
11
3
9
11
147
164
6
189
3
9
176
165
87
165
87
164
189
9
6
11
147
3
176
3
189
6
87
9
176
11
147
164
165
87
165
6
9
147
176
164
189
11
3
9
6
147
189
11
164
165
3
176
87
189
176
147
11
165
87
9
3
164
6
87
165
11
176
164
6
147
9
3
189
176
11
165
9
6
164
147
189
87
3
3
164
176
6
165
147
87
189
9
11
189
11
147
164
176
87
9
3
6
165
9
6
3
87
165
11
176
164
189
147
3
165
9
11
147
164
189
6
176
87
3
176
164
11
9
147
6
87
189
165
9
87
165
6
11
164
189
147
176
3
164
165
9
6
3
11
87
147
189
176
11
87
9
176
164
147
165
6
3
189
9
176
189
147
165
6
164
87
11
3
6
189
87
176
9
3
164
11
165
147
6
11
165
164
176
147
189
87
9
3
11
165
147
6
3
164
189
9
176
87
6
87
3
189
165
11
164
147
176
9
87
176
3
165
189
147
9
11
164
6
176
87
164
189
3
147
11
9
6
165
165
87
189
11
3
6
147
164
176
9
3
6
11
164
147
87
9
189
176
165
6
165
147
176
87
164
3
9
11
189
165
6
87
9
147
3
189
164
11
176
147
9
189
11
3
164
165
87
6
176
11
3
87
189
176
165
147
6
9
164
147
164
6
165
11
3
87
189
9
176
87
189
6
165
9
3
11
147
176
164
11
164
9
165
3
6
147
189
87
176
6
11
87
165
147
189
9
176
3
164
11
164
165
9
87
147
6
176
189
3