226
68
221
0
189
107
117
110
127
281
226
281
110
127
189
68
221
117
107
0
189
0
281
110
68
221
226
117
127
107
117
110
127
189
226
68
281
221
107
0
189
0
117
221
107
281
127
68
226
110
127
68
281
110
189
107
226
221
0
117
68
226
127
110
0
189
281
221
107
117
117
68
189
0
281
226
221
107
110
127
68
221
110
107
117
0
226
189
127
281
221
68
281
110
0
107
226
127
189
117
221
117
127
226
0
281
189
68
107
110
110
189
226
221
117
127
0
107
281
68
0
189
117
110
107
127
226
221
68
281
189
226
110
107
127
281
221
68
0
117
189
107
221
68
127
117
0
226
110
281
127
221
110
281
117
226
0
68
189
107
0
117
68
110
107
221
281
127
189
226
68
117
281
107
110
189
0
127
221
226
189
107
117
226
110
221
0
127
68
281
0
221
281
189
68
127
110
107
226
117
107
110
68
189
221
127
281
117
226
0
68
281
107
127
0
226
221
189
110
117
110
0
221
127
281
68
226
189
107
117
189
221
226
110
127
0
68
281
117
107
117
110
107
221
127
68
0
281
226
189
127
226
107
0
281
110
189
68
221
117
110
0
127
68
221
117
281
189
107
226
221
107
117
0
127
68
281
189
226
110
189
281
0
226
110
127
107
221
117
68
117
127
110
0
68
221
189
281
226
107
281
117
226
221
189
0
127
107
68
110
189
127
281
0
117
226
221
107
68
110
281
127
117
68
110
0
189
107
226
221
68
281
0
221
226
107
189
127
117
110
68
221
107
281
127
226
189
110
0
117
221
107
281
110
117
127
189
226
68
0
107
189
226
127
281
110
0
117
221
68
107
281
68
117
221
127
226
110
189
0
110
127
0
117
281
221
68
107
226
189
68
281
107
117
110
0
127
226
189
221
110
68
0
221
226
107
281
127
117
189
226
189
117
127
281
110
107
0
68
221
226
127
221
110
117
189
0
68
107
281
0
226
127
281
107
221
68
110
189
117
107
221
68
226
189
281
127
110
0
117
110
117
127
221
107
68
189
226
281
0
68
281
127
107
110
189
221
226
0
117
0
189
110
226
281
221
117
68
127
107
0
189
281
221
127
68
107
117
110
226
117
127
226
107
281
68
189
0
221
110