137
107
73
28
96
24
9
155
8
82
137
73
24
28
96
82
9
107
155
8
28
96
155
8
82
137
107
73
9
24
107
8
82
9
28
24
137
73
155
96
28
73
9
107
8
155
24
137
82
96
28
107
24
155
9
73
8
82
96
137
24
28
96
9
155
8
82
137
107
73
24
82
28
9
137
73
8
155
107
96
9
73
96
155
28
137
8
82
107
24
8
107
73
155
137
82
96
9
28
24
73
9
28
155
96
107
82
137
8
24
24
8
9
73
96
155
82
107
28
137
107
155
137
9
73
8
82
24
96
28
73
28
82
155
96
9
24
107
137
8
107
8
73
9
155
137
82
96
24
28
73
82
9
8
137
107
28
96
155
24
96
73
9
137
82
155
24
28
107
8
24
28
107
155
137
9
8
73
82
96
28
155
82
107
9
8
24
96
73
137
137
107
8
155
9
24
82
73
28
96
96
107
155
28
9
137
24
82
73
8
28
137
155
82
73
8
24
9
107
96
137
9
107
73
82
28
155
96
8
24
73
82
107
137
9
155
28
24
96
8
155
107
9
8
82
73
24
96
137
28
96
107
24
137
82
8
28
9
73
155
73
96
8
28
155
107
82
9
24
137
137
8
28
9
155
73
82
107
96
24
73
155
96
28
107
8
82
24
137
9
8
24
28
73
155
96
137
9
82
107
8
9
82
24
73
137
28
96
107
155
155
96
107
73
82
8
137
24
9
28
96
155
107
8
73
24
82
137
9
28
82
9
96
137
8
73
24
28
155
107
9
82
8
107
137
155
28
24
73
96
73
9
24
137
28
82
107
8
96
155
8
28
82
137
155
107
9
24
73
96
24
96
9
28
82
137
8
73
107
155
155
73
28
9
137
96
107
24
82
8
73
82
107
96
28
9
24
8
155
137
8
28
107
82
96
155
137
9
73
24
28
137
96
24
82
107
8
73
155
9
107
82
155
73
137
24
28
9
96
8
107
24
96
155
28
82
8
137
73
9
73
28
107
9
137
82
155
24
96
8
137
107
24
28
82
8
155
9
96
73
137
8
28
24
155
107
9
96
82
73
9
96
107
137
8
73
28
82
24
155
9
96
73
82
8
107
28
24
137
155
73
137
82
155
107
96
8
9
24
28