281
189
113
226
68
110
117
107
127
221
226
281
117
127
221
107
68
189
110
113
127
281
68
117
226
110
113
221
107
189
189
221
281
110
117
107
127
113
226
68
68
110
107
281
221
127
117
189
226
113
221
107
113
281
117
189
68
127
226
110
189
68
117
113
127
107
221
281
110
226
107
221
110
189
127
117
68
281
226
113
127
68
110
189
226
107
221
281
113
117
113
189
110
221
127
107
281
226
68
117
68
117
107
226
221
110
127
189
113
281
226
189
107
113
221
110
68
117
127
281
127
281
221
110
226
189
107
113
68
117
221
110
117
127
107
68
189
113
226
281
226
189
117
110
281
221
68
113
127
107
226
117
110
221
107
281
113
189
127
68
117
221
113
110
226
68
127
189
107
281
127
110
226
281
107
189
221
113
68
117
68
221
189
107
110
117
226
113
281
127
281
127
68
113
117
221
189
107
110
226
226
110
113
68
117
189
281
127
107
221
68
226
221
127
117
113
110
107
281
189
107
68
221
110
127
113
117
281
189
226
113
221
107
226
117
281
110
127
189
68
281
110
68
127
117
113
226
107
221
189
281
189
127
110
107
68
221
226
113
117
189
281
226
107
221
113
117
68
110
127
226
221
110
68
281
189
113
117
107
127
127
117
110
226
281
113
107
189
221
68
113
117
281
189
226
221
127
68
107
110
127
226
281
189
221
117
113
107
68
110
226
68
113
221
107
127
189
281
117
110
117
110
189
221
113
127
107
226
281
68
110
117
189
221
68
113
127
226
107
281
68
221
226
107
127
281
189
117
113
110
117
110
226
127
107
113
281
68
221
189
107
117
110
221
281
68
189
127
226
113
107
189
113
281
68
226
117
110
221
127
113
107
127
117
221
110
189
68
226
281
281
68
189
113
127
107
226
110
221
117
110
107
226
221
127
281
189
68
113
117
281
226
127
221
117
110
113
107
68
189
221
113
281
110
127
189
226
117
68
107
68
189
107
127
281
226
113
110
221
117
107
127
117
110
189
113
226
221
68
281
110
281
113
117
221
107
127
226
189
68
281
68
189
107
113
127
221
117
110
226
110
226
117
127
107
221
281
113
189
68
281
110
68
189
221
107
127
113
226
117
117
189
127
113
107
281
68
110
221
226