163
28
107
8
109
137
9
155
195
24
9
8
195
28
109
137
24
107
163
155
24
163
195
28
8
137
109
155
9
107
28
8
163
137
24
9
107
109
155
195
107
195
24
9
28
8
109
155
163
137
107
8
137
9
155
163
195
28
24
109
155
28
9
137
109
24
163
107
195
8
109
163
137
9
107
195
28
155
8
24
24
28
8
9
137
107
163
155
109
195
28
24
109
8
107
155
137
195
163
9
109
107
28
8
9
163
24
155
195
137
195
163
8
137
9
109
24
107
155
28
107
109
137
28
195
24
163
155
8
9
24
137
8
107
109
195
163
155
28
9
8
109
163
155
9
28
137
24
107
195
24
137
9
163
195
8
28
155
109
107
8
195
155
9
28
107
137
163
109
24
163
9
109
8
107
137
195
24
28
155
107
155
163
195
9
28
24
109
8
137
8
137
28
107
9
109
163
195
24
155
24
163
195
109
155
8
107
28
9
137
155
107
8
137
163
24
109
9
28
195
195
137
24
9
155
28
163
107
8
109
24
195
8
137
155
163
28
107
109
9
137
9
109
155
24
195
8
107
28
163
8
109
195
107
137
9
24
163
28
155
137
24
9
8
163
195
107
28
109
155
107
28
155
163
8
137
24
9
109
195
195
137
155
24
107
9
109
28
163
8
24
109
195
107
137
155
8
163
28
9
107
9
24
155
28
195
8
109
137
163
28
163
155
107
24
9
195
137
109
8
9
107
8
163
28
155
24
195
109
137
8
109
107
137
9
195
163
155
28
24
109
8
107
137
9
155
28
24
163
195
24
163
195
28
109
8
155
9
107
137
109
137
163
9
195
24
107
28
155
8
8
24
155
107
163
28
109
9
195
137
8
155
28
109
24
163
9
195
107
137
9
28
163
195
109
155
137
8
24
107
137
195
24
155
109
163
107
28
8
9
109
24
155
8
28
9
137
107
195
163
163
109
9
137
24
155
8
28
107
195
28
107
195
8
163
109
155
24
137
9
163
107
195
109
8
155
137
9
28
24
107
8
155
137
24
9
163
109
28
195
9
107
155
163
137
195
8
24
28
109
28
24
9
109
163
137
155
107
195
8
8
9
107
163
109
155
137
28
195
24
155
8
24
109
107
137
9
28
163
195