189
87
176
147
3
11
165
164
9
6
11
164
3
189
9
6
176
165
147
87
3
189
164
11
147
87
9
176
6
165
11
9
176
87
6
165
164
147
3
189
176
6
9
165
147
3
11
87
164
189
9
164
176
165
87
189
6
147
11
3
176
11
164
147
87
3
165
6
189
9
147
189
3
164
165
176
11
87
6
9
189
164
176
147
11
165
87
9
3
6
9
87
6
189
147
165
11
164
176
3
165
11
147
9
189
176
3
87
164
6
176
9
6
3
189
164
87
147
165
11
6
164
165
176
147
9
189
87
11
3
3
189
164
147
87
11
176
6
9
165
87
189
165
6
176
3
9
164
147
11
176
11
6
87
189
165
9
3
164
147
87
147
9
11
6
3
176
165
189
164
87
9
147
3
6
189
165
11
176
164
189
3
6
9
87
164
176
147
165
11
11
147
87
189
3
164
6
176
165
9
165
11
189
147
9
87
164
3
6
176
87
3
147
176
9
6
189
164
165
11
3
189
147
165
176
6
87
11
9
164
189
9
176
87
6
164
3
11
165
147
9
3
6
176
189
147
164
165
11
87
147
165
87
11
3
189
176
164
6
9
11
87
165
6
3
147
176
189
164
9
11
189
176
9
164
6
147
3
165
87
176
189
9
11
3
87
165
147
164
6
189
6
87
3
11
147
9
165
164
176
165
6
189
147
3
9
87
11
176
164
6
9
176
11
189
87
147
3
165
164
176
189
87
11
164
6
165
147
9
3
11
189
3
6
9
87
176
165
147
164
164
189
6
11
3
165
9
176
87
147
165
87
6
11
3
189
176
147
9
164
3
147
87
164
176
11
189
6
9
165
9
6
176
189
11
3
147
87
164
165
189
6
176
164
147
3
9
11
165
87
189
6
147
164
87
9
165
176
11
3
164
3
147
11
189
6
176
87
9
165
164
9
165
189
11
87
3
6
147
176
147
6
189
165
3
87
176
164
9
11
165
176
164
3
6
189
11
87
9
147
165
147
11
9
176
3
189
6
164
87
87
165
9
189
176
3
6
11
147
164
3
165
9
11
87
147
189
6
164
176
164
189
6
3
165
9
147
11
176
87
164
11
3
147
176
9
6
165
189
87
165
11
6
176
9
189
164
147
87
3