221
107
127
281
226
117
189
113
68
110
127
107
68
226
189
117
281
113
221
110
113
117
68
107
189
110
221
127
226
281
68
117
113
189
107
226
221
110
281
127
68
127
281
110
221
107
117
226
189
113
110
68
113
226
107
127
117
189
221
281
281
189
110
221
226
107
127
113
68
117
221
226
281
127
107
113
68
189
110
117
281
107
113
110
68
127
226
221
117
189
113
110
189
117
127
221
281
107
68
226
226
127
107
68
117
110
221
281
113
189
221
68
189
226
107
281
117
110
127
113
117
113
110
221
127
189
68
226
281
107
68
226
221
110
281
113
117
107
127
189
113
117
107
110
127
189
281
68
226
221
68
221
127
113
189
281
107
226
110
117
127
110
68
107
117
226
113
189
221
281
107
281
113
117
226
221
189
110
127
68
113
189
107
68
226
117
281
221
127
110
189
107
127
281
110
221
113
68
117
226
221
281
117
107
110
113
68
127
189
226
113
117
127
281
189
107
110
221
68
226
189
110
127
221
226
107
117
113
68
281
226
107
117
127
221
189
110
281
113
68
226
281
107
117
189
68
113
110
127
221
221
189
107
68
113
127
281
110
226
117
107
221
281
189
226
68
127
117
110
113
221
68
110
189
127
281
113
226
107
117
281
107
226
221
68
189
110
117
113
127
281
113
68
110
107
226
127
189
117
221
189
107
110
281
117
68
226
113
127
221
226
68
127
117
113
107
221
189
281
110
113
226
117
221
127
107
68
110
189
281
107
127
221
189
68
110
281
117
226
113
110
117
107
113
226
189
221
281
127
68
127
281
68
113
226
221
117
110
107
189
68
117
226
189
221
127
110
281
107
113
221
127
281
68
107
117
113
226
110
189
107
281
189
68
221
113
117
127
110
226
221
113
107
226
127
110
189
281
68
117
226
107
189
117
221
110
127
281
68
113
113
226
127
110
107
117
189
68
221
281
113
110
281
117
127
107
189
68
221
226
113
117
221
281
68
107
226
127
110
189
110
113
68
127
107
189
117
281
221
226
107
226
127
113
189
281
68
221
110
117
107
189
68
110
226
127
117
281
113
221
281
226
110
107
127
117
68
221
113
189
281
107
226
221
68
110
113
189
117
127
113
127
107
226
189
281
117
221
68
110