147
11
87
6
176
3
130
189
165
9
147
165
11
183
6
164
9
101
87
93
6
165
3
50
189
164
11
80
130
147
93
11
164
130
147
165
101
80
6
9
3
50
11
6
176
130
189
80
147
165
6
80
147
11
130
3
101
189
176
164
93
87
101
11
80
130
3
165
189
9
11
9
6
93
50
130
164
189
87
176
164
165
101
189
183
50
3
93
9
80
87
9
176
101
183
11
165
164
3
93
183
6
87
164
93
50
9
189
11
3
9
164
183
80
6
11
101
189
87
147
176
93
87
183
101
6
147
3
11
9
87
93
164
3
6
147
189
50
165
11
189
101
87
164
3
9
130
147
93
165
130
189
93
11
165
101
87
50
164
6
93
101
3
130
87
189
80
6
183
164
183
50
80
164
93
3
11
87
165
176
9
50
147
165
87
176
183
164
93
11
176
183
87
147
130
164
3
80
101
93
6
101
130
183
80
87
3
93
147
189
6
80
101
165
183
9
11
176
3
164
50
11
87
80
3
147
93
130
164
189
50
3
101
80
9
189
147
87
183
11
9
6
3
165
11
50
101
130
189
87
87
183
6
189
50
165
93
9
11
147
101
80
93
164
11
50
183
165
130
189
130
165
164
3
50
176
6
189
183
87
101
87
6
9
183
93
176
164
147
165
3
189
6
101
164
165
130
87
147
183
9
189
6
164
87
147
3
183
165
101
93
164
11
3
50
101
87
176
183
147
101
130
6
164
147
80
183
9
165
87
101
87
147
130
93
165
189
183
176
80
9
50
3
87
147
6
176
164
80
183
130
147
93
80
189
176
11
183
9
164
93
80
50
9
87
147
189
6
176
3
165
93
164
130
189
183
11
87
147
3
147
87
6
93
164
11
130
3
189
176
183
130
50
176
147
164
87
3
93
11
6
87
3
9
147
164
165
11
189
176
130
87
3
11
183
9
80
164
101
50
101
176
93
3
130
164
50
6
147
183
189
6
176
164
80
93
130
3
11
101
87
130
11
101
189
183
50
3
6
80
6
130
9
3
80
93
87
189
176
50
165
11
183
164
176
9
3
147
130
189
80
176
87
6
93
147
189
3
11
164
6
9
165
147
101
87
3
176
80
130
189
165
50
130
164
11
9
101
87
183