187
220
125
117
185
187
108
125
117
35
117
35
220
108
125
20
125
108
35
185
125
35
187
20
108
185
117
35
125
220
187
108
20
117
185
187
20
117
35
108
108
187
35
220
117
185
20
220
187
35
108
117
20
185
35
35
117
20
220
187
20
185
220
187
35
220
35
20
108
187
220
117
185
187
35
125
117
220
185
35
185
108
125
35
117
35
125
220
108
20
220
117
35
185
108
35
117
108
125
20
125
35
187
220
117
117
108
185
187
220
108
125
220
20
117
185
125
20
187
117
220
185
20
125
108
187
35
117
220
20
220
117
20
187
125
187
185
125
108
35
35
108
117
185
187
125
185
108
117
187
185
108
187
117
35
185
125
220
35
108
220
187
20
117
185
125
220
187
35
185
220
108
35
185
125
125
185
35
220
108
185
220
125
187
108
35
185
20
117
187
35
125
187
20
117
220
187
20
117
125
187
20
185
108
125
117
220
185
125
35
185
108
35
187
125
185
35
125
220
187
187
185
125
108
35
187
117
220
35
108
35
117
108
220
20
185
187
20
35
220
187
220
20
125
35
187
35
125
220
108