4
1
29
7
9
1
7
29
4
9
9
29
1
4
7
9
1
29
7
4
9
1
7
29
4
7
9
1
29
4
1
7
4
9
29
7
29
4
1
9
4
9
7
1
29
7
9
4
29
1
7
9
29
4
1
29
9
1
7
4
9
29
1
4
7
29
9
7
1
4
7
9
1
4
29
7
9
1
29
4
4
9
29
7
1
1
29
9
4
7
7
29
4
9
1
4
1
29
9
7
9
4
7
29
1
9
1
7
4
29
9
7
4
1
29
4
7
29
9
1
4
9
1
7
29
7
9
4
1
29
4
29
7
1
9
29
4
7
9
1
9
29
1
4
7
29
7
9
4
1
4
7
1
9
29
4
1
7
29
9
1
4
7
9
29
1
29
4
9
7
9
29
7
4
1
1
4
9
7
29
1
29
4
7
9
4
29
7
1
9
29
1
7
9
4
1
4
29
7
9
7
4
9
29
1
4
9
1
7
29
7
9
1
29
4
7
4
9
1
29
9
1
29
4
7
1
7
9
4
29
9
4
7
1
29
7
1
4
9
29
1
7
29
9
4
7
9
4
1
29