185
220
20
125
35
185
220
20
125
35
20
220
185
125
35
125
220
20
35
185
185
220
35
125
20
220
125
185
20
35
125
20
220
185
35
35
220
125
185
20
35
125
20
220
185
125
20
220
185
35
125
35
185
220
20
185
35
220
20
125
220
35
20
125
185
185
125
35
220
20
20
220
125
35
185
185
35
20
125
220
20
125
185
220
35
220
35
185
20
125
220
125
185
35
20
220
185
125
20
35
35
20
220
125
185
35
220
20
125
185
20
220
185
125
35
125
220
35
185
20
35
125
185
220
20
185
20
125
220
35
125
20
185
35
220
185
20
35
125
220
220
125
20
185
35
125
185
35
20
220
220
20
125
35
185
220
35
20
185
125
35
20
185
220
125
185
220
20
125
35
35
20
220
125
185
125
20
220
35
185
220
125
35
20
185
185
35
125
20
220
220
35
185
20
125
185
35
220
20
125
20
220
35
185
125
185
35
220
125
20
220
185
20
125
35
20
185
35
220
125
220
185
35
20
125
35
185
125
20
220
20
125
220
185
35
220
20
125
185
35
185
220
125
35
20
35
20
220
185
125