117
187
185
35
108
187
117
35
185
108
108
35
187
117
185
187
35
185
108
117
35
187
108
185
117
35
117
185
187
108
187
185
35
108
117
187
35
108
117
185
187
117
35
185
108
117
185
35
187
108
187
185
108
117
35
187
185
108
117
35
35
185
108
117
187
117
187
108
35
185
117
35
187
185
108
185
187
117
35
108
35
187
108
117
185
35
108
185
187
117
108
35
117
185
187
187
35
117
185
108
35
108
117
185
187
185
117
108
35
187
117
187
35
185
108
108
35
117
185
187
187
117
108
185
35
185
35
108
117
187
117
185
108
187
35
117
35
185
187
108
35
108
117
185
187
108
35
187
117
185
185
187
35
108
117
108
35
185
187
117
35
187
185
108
117
185
108
187
35
117
187
35
185
117
108
35
185
108
117
187
187
185
35
108
117
35
187
185
108
117
185
108
187
117
35
108
35
187
117
185
35
185
187
117
108
35
108
117
187
185
185
117
108
35
187
35
108
117
187
185
35
187
108
117
185
187
117
35
185
108
35
187
185
117
108
187
117
35
108
185
117
185
35
187
108
185
108
117
35
187