557
450
399
490
0
470
72
605
292
109
557
450
399
490
0
470
72
605
292
109
557
450
399
490
0
470
72
605
292
109
557
450
399
490
0
470
72
605
292
109
557
450
399
490
0
470
72
605
292
109
557
450
399
490
0
470
72
605
292
109
557
450
399
490
0
470
72
605
292
109
557
450
399
490
0
470
72
605
292
109
557
450
399
490
0
470
72
605
292
109
557
450
399
490
0
470
72
605
292
109
557
450
399
490
0
470
72
605
292
109
557
450
399
490
0
470
72
605
292
109
557
450
399
490
0
470
72
605
292
109
557
450
399
490
0
470
72
605
292
109
557
450
399
490
0
470
72
605
292
109
557
450
399
490
0
470
72
605
292
109
557
450
399
490
0
470
72
605
292
109
557
450
399
490
0
470
72
605
292
109
557
450
399
490
0
470
72
605
292
109
557
450
399
490
0
470
72
605
292
109
557
450
399
490
0
470
72
605
292
109
557
450
399
490
0
470
72
605
292
109
557
450
399
490
0
470
72
605
292
109
557
450
399
490
0
470
72
605
292
109
557
450
399
490
0
470
72
605
292
109
557
450
399
490
0
470
72
605
292
109
557
450
399
490
0
470
72
605
292
109
557
450
399
490
0
470
72
605
292
109
557
450
399
490
0
470
72
605
292
109
557
450
399
490
0
470
72
605
292
109
557
450
399
490
0
470
72
605
292
109
557
450
399
490
0
470
72
605
292
109
557
450
399
490
0
470
72
605
292
109
557
450
399
490
0
470
72
605
292
109
557
450
399
490
0
470
72
605
292
109
557
450
399
490
0
470
72
605
292
109
557
450
399
490
0
470
72
605
292
109
557
450
399
490
0
470
72
605
292
109
557
450
399
490
0
470
72
605
292
109
557
450
399
490
0
470
72
605
292
109
557
450
399
490
0
470
72
605
292
109
557
450
399
490
0
470
72
605
292
109
557
450
399
490
0
470
72
605
292
109
557
450
399
490
0
470
72
605
292
109
557
450
399
490
0
470
72
605
292
109
557
450
399
490
0
470
72
605
292
109
557
450
399
490
0
470
72
605
292
109
557
450
399
490
0
470
72
605
292
109
557
450
399
490
0
470
72
605
292
109
557
450
399
490
0
470
72
605
292
109
