125
147
162
656
297
20
542
323
33
570
125
147
162
656
297
20
542
323
33
570
125
147
162
656
297
20
542
323
33
570
125
147
162
656
297
20
542
323
33
570
125
147
162
656
297
20
542
323
33
570
125
147
162
656
297
20
542
323
33
570
125
147
162
656
297
20
542
323
33
570
125
147
162
656
297
20
542
323
33
570
125
147
162
656
297
20
542
323
33
570
125
147
162
656
297
20
542
323
33
570
125
147
162
656
297
20
542
323
33
570
125
147
162
656
297
20
542
323
33
570
125
147
162
656
297
20
542
323
33
570
125
147
162
656
297
20
542
323
33
570
125
147
162
656
297
20
542
323
33
570
125
147
162
656
297
20
542
323
33
570
125
147
162
656
297
20
542
323
33
570
125
147
162
656
297
20
542
323
33
570
125
147
162
656
297
20
542
323
33
570
125
147
162
656
297
20
542
323
33
570
125
147
162
656
297
20
542
323
33
570
125
147
162
656
297
20
542
323
33
570
125
147
162
656
297
20
542
323
33
570
125
147
162
656
297
20
542
323
33
570
125
147
162
656
297
20
542
323
33
570
125
147
162
656
297
20
542
323
33
570
125
147
162
656
297
20
542
323
33
570
125
147
162
656
297
20
542
323
33
570
125
147
162
656
297
20
542
323
33
570
125
147
162
656
297
20
542
323
33
570
125
147
162
656
297
20
542
323
33
570
125
147
162
656
297
20
542
323
33
570
125
147
162
656
297
20
542
323
33
570
125
147
162
656
297
20
542
323
33
570
125
147
162
656
297
20
542
323
33
570
125
147
162
656
297
20
542
323
33
570
125
147
162
656
297
20
542
323
33
570
125
147
162
656
297
20
542
323
33
570
125
147
162
656
297
20
542
323
33
570
125
147
162
656
297
20
542
323
33
570
125
147
162
656
297
20
542
323
33
570
125
147
162
656
297
20
542
323
33
570
125
147
162
656
297
20
542
323
33
570
125
147
162
656
297
20
542
323
33
570
125
147
162
656
297
20
542
323
33
570
125
147
162
656
297
20
542
323
33
570
125
147
162
656
297
20
542
323
33
570
125
147
162
656
297
20
542
323
33
570
125
147
162
656
297
20
542
323
33
570
125
147
162
656
297
20
542
323
33
570
