296
262
206
127
138
307
264
280
1
117
189
305
107
281
79
296
262
206
127
138
307
264
280
1
117
189
305
107
281
79
296
262
206
127
138
307
264
280
1
117
189
305
107
281
79
296
262
206
127
138
307
264
280
1
117
189
305
107
281
79
296
262
206
127
138
307
264
280
1
117
189
305
107
281
79
296
262
206
127
138
307
264
280
1
117
189
305
107
281
79
296
262
206
127
138
307
264
280
1
117
189
305
107
281
79
296
262
206
127
138
307
264
280
1
117
189
305
107
281
79
296
262
206
127
138
307
264
280
1
117
189
305
107
281
79
296
262
206
127
138
307
264
280
1
117
189
305
107
281
79
296
262
206
127
138
307
264
280
1
117
189
305
107
281
79
296
262
206
127
138
307
264
280
1
117
189
305
107
281
79
296
262
206
127
138
307
264
280
1
117
189
305
107
281
79
296
262
206
127
138
307
264
280
1
117
189
305
107
281
79
296
262
206
127
138
307
264
280
1
117
189
305
107
281
79
296
262
206
127
138
307
264
280
1
117
189
305
107
281
79
296
262
206
127
138
307
264
280
1
117
189
305
107
281
79
296
262
206
127
138
307
264
280
1
117
189
305
107
281
79
296
262
206
127
138
307
264
280
1
117
189
305
107
281
79
296
262
206
127
138
307
264
280
1
117
189
305
107
281
79
296
262
206
127
138
307
264
280
1
117
189
305
107
281
79
296
262
206
127
138
307
264
280
1
117
189
305
107
281
79
296
262
206
127
138
307
264
280
1
117
189
305
107
281
79
296
262
206
127
138
307
264
280
1
117
189
305
107
281
79
296
262
206
127
138
307
264
280
1
117
189
305
107
281
79
296
262
206
127
138
307
264
280
1
117
189
305
107
281
79
296
262
206
127
138
307
264
280
1
117
189
305
107
281
79
296
262
206
127
138
307
264
280
1
117
189
305
107
281
79
296
262
206
127
138
307
264
280
1
117
189
305
107
281
79
296
262
206
127
138
307
264
280
1
117
189
305
107
281
79
296
262
206
127
138
307
264
280
1
117
189
305
107
281
79
296
262
206
127
138
307
264
280
1
117
189
305
107
281
79
296
262
206
127
138
307
264
280
1
117
189
305
107
281
79
296
262
206
127
138
307
264
280
1
117
189
305
107
281
79
296
262
206
127
138
307
264
280
1
117
189
305
107
281
79
296
262
206
127
138
307
264
280
1
117
189
305
107
281
79
296
262
206
127
138
307
264
280
1
117
189
305
107
281
79
296
262
206
127
138
307
264
280
1
117
189
305
107
281
79
296
262
206
127
138
307
264
280
1
117
189
305
107
281
79
296
262
206
127
138
307
264
280
1
117
189
305
107
281
79
296
262
206
127
138
307
264
280
1
117
189
305
107
281
79
296
262
206
127
138
307
264
280
1
117
189
305
107
281
79
296
262
206
127
138
307
264
280
1
117
189
305
107
281
79
296
262
206
127
138
307
264
280
1
117
189
305
107
281
79
296
262
206
127
138
307
264
280
1
117
189
305
107
281
79
296
262
206
127
138
307
264
280
1
117
189
305
107
281
79
296
262
206
127
138
307
264
280
1
117
189
305
107
281
79
296
262
206
127
138
307
264
280
1
117
189
305
107
281
79
296
262
206
127
138
307
264
280
1
117
189
305
107
281
79
296
262
206
127
138
307
264
280
1
117
189
305
107
281
79
