394
101
122
78
403
7
396
196
114
12
108
28
618
5
29
45
53
1008
63
17
729
106
7
196
44
68
122
6
618
12
28
609
45
5
108
29
392
53
17
63
729
294
14
106
613
7
20
196
392
17
5
618
63
28
12
108
609
114
1008
29
130
106
890
396
44
16
403
6
63
12
618
609
1008
45
108
114
29
17
53
5
72
403
729
613
21
106
22
7
618
45
53
28
63
114
1008
17
108
609
392
5
394
14
393
16
6
291
78
613
29
28
1008
17
114
108
12
618
53
392
45
63
122
403
72
68
291
196
44
198
53
45
5
108
609
114
12
63
1008
17
28
618
396
294
729
196
291
403
106
122
618
53
45
28
392
63
609
29
5
17
1008
108
294
7
403
130
21
729
16
10
1008
17
29
618
53
108
45
609
392
28
12
5
101
122
22
72
130
6
198
394
618
45
609
17
12
63
28
108
53
29
114
1008
78
394
613
393
396
196
10
11
63
53
609
108
17
618
392
5
29
12
45
1008
6
11
130
393
4
729
403
294
63
45
114
609
108
5
392
17
28
53
29
618
16
729
613
22
394
6
7
101
618
28
5
29
108
1008
63
392
114
53
45
12
4
196
393
21
11
394
78
294
609
53
114
12
63
618
17
1008
45
108
5
392
78
396
20
394
22
10
198
294
28
53
609
392
5
12
63
17
1008
45
114
29
729
6
44
22
130
613
294
7
53
609
108
28
29
45
114
1008
618
5
12
17
21
613
20
4
106
14
16
890
63
392
609
114
17
53
12
28
1008
45
618
5
613
130
16
6
890
396
22
21
609
29
392
114
28
45
5
12
63
17
618
53
7
16
396
890
403
14
294
130
29
114
63
609
53
12
5
392
618
1008
45
108
68
291
294
44
890
7
4
613
114
17
12
63
1008
28
609
5
45
618
53
29
78
729
68
294
393
22
396
11
392
114
108
5
63
609
618
29
12
28
45
1008
20
10
396
11
106
294
7
22
28
45
114
12
1008
618
17
53
5
609
63
108
130
7
10
20
729
394
101
4
5
28
53
108
45
392
12
1008
609
114
618
17
7
394
613
20
106
11
68
396
53
1008
45
28
17
29
609
63
618
392
108
5
393
394
22
14
6
72
403
198
63
5
45
108
114
392
17
1008
618
53
12
29
396
16
890
22
394
4
20
7
108
17
29
609
114
1008
392
45
53
63
5
28
44
78
394
21
291
294
68
4
53
392
45
63
618
17
114
28
1008
108
29
609
729
72
403
78
196
198
20
122
108
5
29
1008
45
28
609
63
12
114
618
392
122
729
291
294
394
7
68
403
12
17
392
29
63
108
53
45
618
1008
609
5
7
890
122
393
11
198
14
613
392
29
17
12
114
28
618
5
53
609
63
1008
44
613
4
20
22
196
890
101
12
609
392
114
63
5
28
1008
618
17
29
45
4
393
14
68
394
729
11
20
1008
618
12
53
392
114
108
45
17
5
63
609
403
101
68
396
21
4
6
10
618
392
17
5
45
108
1008
609
28
53
12
29
22
101
403
294
890
68
78
14
392
5
108
12
28
1008
29
53
114
609
618
17
291
44
106
613
78
294
20
6
1008
392
53
29
609
12
63
618
45
17
28
5
11
6
14
10
68
198
291
101
1008
114
63
108
17
609
392
28
53
45
618
12
4
68
78
394
44
198
130
196
108
5
114
29
609
28
618
45
53
17
12
392
22
4
198
20
122
14
44
78
12
618
29
63
392
17
609
45
108
114
5
53
14
11
6
196
394
613
4
106
12
618
29
392
609
45
5
28
53
108
114
1008
16
122
78
394
396
101
44
198
17
29
392
114
53
1008
45
618
63
28
108
5
196
101
122
198
20
890
130
291
108
609
5
618
17
114
29
45
63
28
392
1008
6
20
890
291
101
14
198
68
114
53
392
45
29
618
108
17
12
28
609
5
16
890
729
394
11
198
122
196
1008
609
5
53
108
392
114
29
618
12
63
17
403
16
10
198
729
101
394
22
12
63
45
29
392
108
1008
28
5
53
618
114
729
393
16
44
198
4
7
78
45
29
53
63
114
1008
17
28
609
108
12
5
72
393
20
130
14
394
7
21
1008
17
53
392
108
5
609
12
29
45
28
618
16
44
196
20
396
10
403
294
12
53
5
28
618
29
63
392
17
609
108
114
44
4
78
291
393
106
21
890
63
45
1008
17
29
618
28
392
5
609
53
12
10
101
22
106
890
613
291
394
63
114
12
17
53
392
609
108
45
28
1008
5
396
106
4
613
394
22
890
291
63
108
609
12
1008
53
618
28
392
17
5
114