97
281
200
65
405
298
538
115
20
1088
1623
60
461
642
409
40
1228
105
159
237
491
574
193
216
5
10
561
457
60
644
1623
913
409
238
605
1041
1309
652
20
40
457
216
318
576
42
241
406
438
237
630
622
467
238
461
20
584
643
1781
1541
1228
97
223
241
0
576
318
567
175
461
644
1228
467
237
20
1041
1541
605
652
40
60
0
576
561
438
298
65
115
14
913
644
467
522
622
238
642
237
60
599
630
159
438
65
491
281
318
223
406
561
1781
237
1041
652
1541
1623
605
642
409
238
913
20
561
538
223
5
193
491
0
115
461
409
643
522
1309
467
584
969
605
105
652
898
438
567
115
574
576
298
405
223
60
1623
584
159
1088
630
238
599
622
913
605
20
97
457
406
14
405
175
200
5
237
1041
1541
652
599
40
644
467
605
1088
1781
969
10
405
576
115
97
42
281
216
1623
913
584
105
644
605
652
522
1781
599
898
409
253
538
5
423
561
298
438
97
1541
1228
159
522
467
237
913
584
105
630
644
461
318
223
281
193
457
175
561
10
584
1088
522
1623
1228
60
1541
238
642
237
159
105
193
0
241
200
405
216
298
97
237
913
409
1623
1541
898
461
622
159
642
522
605
223
10
241
491
200
538
561
216
599
1541
105
642
605
20
1088
622
409
467
1623
1041
97
115
253
14
65
576
281
405
1309
237
238
622
20
467
642
644
40
630
898
1088
457
574
253
65
438
298
318
423
642
605
238
522
898
969
913
1781
40
644
1541
1041
405
200
491
253
241
0
10
281
898
461
599
584
969
1228
644
105
630
238
643
1041
538
223
561
491
281
298
567
405
105
20
622
522
461
913
630
1781
159
238
1228
1541
405
457
298
438
97
14
253
561
913
969
1541
898
642
1309
159
522
1781
237
584
467
115
216
298
574
65
406
14
253
159
599
461
1041
1781
60
584
642
630
1623
652
467
5
0
457
10
538
42
223
491
1623
643
642
1041
237
622
105
1541
1309
409
467
238
10
298
42
438
423
5
567
253
60
1623
238
898
1309
630
20
467
622
1088
605
237
0
193
405
298
491
576
115
200
898
1623
238
630
644
467
159
652
1041
1088
643
622
5
200
318
574
0
423
298
438
105
237
652
913
1041
159
644
522
622
40
60
461
223
576
405
175
14
241
406
491
1309
461
642
913
643
409
20
1623
1041
40
60
238
423
42
567
200
318
65
406
253
20
105
642
652
461
1623
238
1228
1781
159
969
237
491
405
281
406
14
561
457
65
969
1309
605
409
522
237
898
20
622
599
584
913
193
65
576
281
42
216
567
223
105
1781
1041
644
467
1088
20
622
238
40
630
969
175
65
457
0
281
438
405
42
40
584
1541
643
622
642
409
969
237
1088
461
1228
318
97
491
10
423
241
42
5
1541
644
60
238
1041
1228
898
605
20
409
652
622
253
574
223
97
14
318
457
0
642
630
1541
1781
409
913
159
20
1041
969
238
898
42
175
5
298
457
438
423
538
1088
409
643
1041
1228
630
605
159
1541
652
1623
642
241
65
567
193
576
405
216
281
644
630
643
20
105
642
1781
461
1228
1041
1541
969
241
298
65
438
42
5
193
175
605
622
237
913
969
1041
60
409
1541
642
159
1781
253
457
406
567
438
175
5
42
644
40
642
643
1541
652
630
409
237
238
467
20
216
175
438
281
406
5
193
241
20
105
622
1228
159
461
1623
898
1781
1541
1041
1088
318
0
42
567
423
5
298
97
1041
1541
1309
159
238
652
969
20
913
599
644
1781
438
574
406
42
0
538
175
576
159
630
238
237
898
1309
642
644
1088
584
913
40
561
42
97
216
576
193
457
200
237
898
105
643
652
630
40
605
1541
584
622
1309
115
491
10
318
423
5
97
241
652
1541
461
599
1309
40
913
20
584
1781
644
622
14
253
216
438
42
538
567
318
409
643
1228
461
40
898
238
599
630
642
1309
605
97
405
223
561
438
216
423
576
159
237
467
913
20
1041
105
238
1309
584
1623
652
281
253
574
438
298
5
216
200
1541
159
605
409
1781
642
898
630
60
913
1623
467
175
538
0
216
97
576
281
438
237
522
642
652
1041
630
1228
159
913
1309
969
238
193
42
281
97
241
438
298
561
159
105
467
237
1309
584
1041
898
643
1088
913
40
405
42
253
14
318
115
574
5
238
913
40
644
599
461
522
622
652
605
642
1309
576
457
97
193
241
5
567
42
40
522
642
105
409
1041
1228
238
1309
467
1088
644
318
567
193
42
223
491
97
457
652
1041
238
522
1781
630
20
642
599
913
105
969
115
561
223
193
405
538
491
406
522
584
237
1309
1041
105
1228
642
599
913
605
60
42
405
423
567
0
223
193
241
238
643
1309
913
605
522
159
467
60
105
630
1228