169
237
92
0
208
181
169
208
40
131
127
237
92
0
40
149
164
92
0
131
42
169
92
208
40
149
42
208
131
92
127
149
208
0
92
149
237
0
208
92
237
164
0
131
92
164
169
208
92
131
237
164
40
208
0
181
127
0
208
92
149
42
92
131
0
127
169
131
0
40
127
42
208
131
92
164
149
40
0
92
237
181
208
0
92
181
149
92
131
0
149
42
208
92
131
42
127
131
40
92
164
42
40
131
92
181
42
131
92
40
164
127
92
40
208
127
164
0
208
92
127
181
0
40
208
237
149
208
40
0
164
237
92
0
131
127
42
92
131
40
164
169
131
40
208
181
237
131
92
0
42
169
92
208
40
42
149
0
131
92
169
149
131
208
40
169
164
40
208
0
127
149
208
92
131
42
181
92
208
0
181
42
92
208
131
181
127
131
0
40
181
169
131
92
0
181
164
0
40
92
164
169
0
92
208
169
127
40
208
131
127
181
40
131
92
169
164
131
208
92
181
42
208
40
131
164
149
92
131
0
127
181
208
0
131
164
42
131
0
208
149
181
131
208
0
42
237
208
40
92