2
55
19
109
257
165
103
149
62
60
2
80
55
139
149
62
103
257
165
60
23
79
139
6
149
62
257
103
60
165
80
107
163
139
165
257
60
103
62
149
109
79
24
145
257
165
62
103
149
60
23
148
145
79
62
60
149
257
103
165
80
23
55
6
62
60
257
149
103
165
145
163
23
6
257
165
103
60
62
149
145
55
109
148
149
62
165
103
257
60
19
148
22
107
60
149
103
257
165
62
6
23
107
79
60
62
103
257
165
149
79
24
139
148
257
103
60
165
149
62
163
107
145
24
62
103
60
165
257
149
23
55
22
163
60
62
149
257
103
165
24
145
107
163
103
257
165
62
149
60
163
79
80
55
257
165
149
103
60
62
24
80
2
23
103
149
62
165
60
257
145
163
22
23
103
62
149
60
257
165
6
2
24
55
103
60
257
165
62
149
145
19
163
79
257
62
60
165
149
103
79
139
145
163
60
257
165
149
62
103
80
23
107
139
165
60
257
62
149
103
79
145
23
55
165
60
62
103
257
149
55
107
80
6
60
165
257
103
149
62
55
22
79
163
165
257
60
103
62
149
163
109
2
24
257
103
60
62
149
165
148
163
22
107
149
62
257
165
60
103
19
139
22
145
165
149
103
257
60
62
148
19
24
80
149
103
60
257
62
165
79
55
148
2
149
62
165
257
103
60
148
145
79
22
257
165
62
60
103
149
80
145
107
24
103
62
60
149
257
165
23
19
79
139
62
149
257
103
165
60
22
145
23
24
103
149
257
165
62
60
19
24
148
107
257
60
149
62
103
165
2
24
163
148
60
62
165
103
149
257
19
6
22
24
149
257
60
103
62
165
139
109
22
23
149
257
62
60
165
103
22
145
6
163
103
149
257
62
60
165
163
23
6
80
257
165
60
103
62
149
2
79
148
19
257
165
62
103
149
60
163
145
6
22
60
149
103
257
62
165
145
2
163
22
62
149
60
257
165
103
107
148
6
23
149
165
62
257
103
60
55
79
107
148
62
149
257
165
60
103
19
79
2
55
165
149
103
257
60
62
22
139
145
19
60
149
257
103
165
62
22
139
24
145
149
165
60
103
62
257
148
80
6
55
103
62
60
257
165
149
163
107
145
6
165
257
60
62
103
149