125
188
67
302
11
315
309
286
199
312
282
359
67
285
309
312
293
92
199
286
302
101
67
359
72
92
11
142
315
382
285
113
302
154
382
315
8
11
142
293
113
282
188
90
286
11
8
312
309
199
125
266
67
113
72
327
312
199
8
142
266
154
302
330
72
309
142
286
199
11
282
302
125
359
286
315
312
293
382
72
330
113
67
285
315
312
11
92
309
286
101
359
154
266
349
315
312
286
8
293
330
113
302
285
309
286
142
209
92
199
113
282
101
359
327
312
349
142
8
382
282
285
113
359
92
199
8
11
382
293
302
188
330
359
327
199
349
286
382
92
90
113
266
67
312
349
315
142
92
72
330
101
125
113
92
72
286
382
8
142
330
359
188
302
142
382
72
293
92
312
188
90
101
125
8
315
199
209
142
312
154
285
113
282
309
312
92
11
199
72
266
101
302
125
92
382
349
286
11
209
188
125
67
154
199
11
349
309
92
327
282
67
302
125
286
293
209
199
92
11
285
125
330
302
349
309
286
72
142
8
125
188
67
359
142
293
209
382
199
11
266
125
302
188
293
286
349
315
309
11
101
188
285
282
315
293
92
327
8
312
282
67
101
125
209
327
72
312
142
11
113
285
266
282
11
199
209
309
142
293
330
282
285
67
142
293
309
286
382
199
154
330
125
285
11
382
199
312
293
72
90
101
67
282
327
382
142
312
286
315
113
90
285
266
11
209
8
382
309
72
125
113
285
101
92
286
309
382
11
349
67
90
266
285
11
72
142
286
209
327
330
302
188
282
92
209
349
312
142
293
113
90
188
67
8
382
315
327
209
11
188
90
359
125
309
199
382
349
327
72
113
90
302
330
327
142
315
312
382
199
282
266
101
113
293
349
11
199
382
286
154
113
67
285
92
11
293
8
199
142
285
67
101
330
286
312
92
293
382
309
359
266
90
125
92
327
382
209
315
312
266
359
330
113
382
293
315
349
8
142
125
330
101
188
92
315
349
286
327
312
359
90
125
67
199
209
309
142
72
327
67
188
266
113
293
72
309
209
142
8
154
188
359
113
349
293
315
72
8
327
359
266
302
113
72
349
8
92
309
11
285
188
302
67
199
8
315
72
312
286
154
125
285
188
293
209
315
8
199
349