32
101
95
94
3
11
235
152
130
200
32
173
130
282
235
149
94
113
95
152
173
73
171
152
3
130
11
94
113
200
11
73
101
32
171
194
124
173
152
282
200
94
73
235
149
282
194
152
130
124
73
3
235
200
152
95
11
32
173
94
94
73
124
3
113
152
194
173
32
282
173
73
95
94
149
3
171
11
113
101
94
101
11
194
130
200
282
235
32
113
94
101
11
124
173
282
149
130
152
235
124
149
11
113
73
130
3
94
171
101
152
3
171
194
113
73
95
235
11
173
11
152
94
235
95
171
149
173
200
101
235
124
282
32
101
171
94
149
130
152
171
113
73
32
149
11
152
101
282
194
282
173
130
200
3
194
11
171
32
235
152
282
130
94
3
11
149
32
95
200
94
149
95
171
235
200
173
124
194
73
194
11
282
171
152
32
3
73
130
95
282
149
73
152
173
94
171
3
101
194
73
124
113
11
200
32
95
130
235
149
124
101
11
173
113
149
3
235
73
94
3
282
11
235
149
94
194
130
124
171
3
152
173
94
130
32
282
194
124
11
32
194
95
11
152
149
113
200
282
73
94
11
200
124
101
171
149
282
113
194
94
200
101
113
194
73
282
171
130
149
152
235
101
95
149
173
11
130
73
32
73
171
149
200
101
124
130
152
94
282
95
73
32
194
113
11
152
235
94
173
113
3
282
11
95
94
73
149
124
130
113
171
32
94
194
149
152
130
101
3
3
101
282
130
11
95
171
113
200
173
3
73
200
124
130
194
149
171
95
94
73
200
11
101
152
149
130
194
124
173
32
3
200
282
95
152
124
113
73
101
235
113
3
32
149
173
130
152
11
194
235
101
32
152
194
94
200
124
73
3
194
130
152
101
173
235
32
94
200
11
149
73
130
235
171
101
113
94
152
282
235
113
200
194
282
95
94
73
152
130
11
282
95
173
149
200
124
73
152
3
282
124
173
94
149
95
235
152
130
101
95
32
200
235
11
149
101
3
130
282
152
113
130
11
282
194
235
32
101
171
171
3
235
200
73
113
124
130
152
95
194
152
94
11
130
73
101
173
200
113
11
282
94
113
124
200
95
173
101
73
11
173
130
194
235
149
94
200
124
32
73
95
3
171
124
11
173
282
113
200