45
91
28
318
137
270
28
45
91
9
28
18
321
39
137
221
91
134
56
57
270
18
45
39
318
9
137
321
28
318
134
28
64
39
56
318
9
64
321
91
18
56
39
45
28
18
321
56
45
64
64
39
45
134
57
45
134
270
137
64
321
64
28
137
18
91
318
321
57
45
18
28
91
64
270
9
39
137
28
18
134
56
57
270
39
321
18
9
91
57
39
270
221
57
18
9
318
321
134
221
9
56
318
18
270
134
28
9
18
57
57
137
64
28
270
9
57
221
134
321
137
134
318
221
28
64
91
28
221
137
134
270
57
9
64
18
64
221
91
39
45
91
56
18
221
39
321
137
318
64
91
57
45
137
18
28
134
18
64
318
91
64
56
9
137
270
56
45
39
9
18
321
64
39
137
221
137
134
45
270
28
91
56
270
39
134
270
28
64
318
18
28
45
57
318
91
64
45
18
28
137
18
28
134
270
45
56
321
270
9
9
28
321
91
57
45
321
56
39
91
56
28
57
318
18
134
56
45
91
18
91
9
57
18
39
56
64
28
321
221
9
56
321
64
137
321
45
57
318
64