91
56
64
318
57
45
321
18
39
28
270
91
137
39
28
45
321
318
57
64
56
321
57
18
318
45
56
28
318
221
45
56
57
18
39
270
56
64
18
318
91
56
39
57
221
91
270
134
18
64
56
91
137
134
221
91
270
28
18
221
56
270
28
9
134
45
56
39
221
57
45
91
39
137
221
45
270
28
18
64
321
56
64
137
318
56
45
39
57
318
56
321
57
18
64
270
321
57
318
9
270
56
137
9
57
321
270
318
28
9
321
56
134
39
57
270
91
221
18
57
45
321
318
221
39
45
270
221
18
39
56
270
9
137
134
91
270
28
9
318
91
321
134
18
28
270
321
9
39
64
45
270
134
57
39
45
56
64
318
221
45
321
9
39
134
321
91
318
137
39
270
321
18
318
64
270
56
221
318
18
45
321
318
134
28
321
56
39
318
64
56
91
64
39
134
321
91
57
318
134
270
91
221
134
18
45
91
318
9
39
56
45
137
64
318
56
321
64
28
318
56
270
318
28
57
321
91
137
28
221
45
91
64
9
318
56
321
57
134
64
321
56
39
57
64
270
45
9
137
39