9
6
3
18
1
3
6
11
9
1
6
5
9
18
1
5
3
11
9
1
6
11
3
9
1
1
11
9
5
6
6
11
9
3
18
5
6
9
11
3
11
1
18
5
9
5
3
1
6
18
9
3
11
18
5
1
5
11
9
6
5
1
3
9
18
3
6
5
11
1
9
1
3
6
11
11
5
6
9
1
5
3
1
11
18
5
18
3
9
11
9
6
18
5
11
5
9
6
11
1
6
18
1
9
3
5
3
6
11
18
18
6
3
5
9
11
5
6
9
3
3
1
6
9
5
1
6
5
18
3
5
3
9
18
11
9
1
18
3
11
1
9
6
3
5
1
11
3
5
6
9
5
3
6
1
6
3
1
5
18
5
9
11
18
1
1
11
6
5
3
3
6
5
9
11
9
6
11
3
18
6
9
11
1
18
9
3
18
6
1
3
6
18
11
5
6
5
9
18
11
1
9
11
3
6
1
3
5
6
18
1
3
5
11
6
9
3
1
18
6
5
11
3
6
18
11
1
18
6
9
1
6
9
18
11
5
6
11
18
3
5
3
11
9
1
11
3
5
18
9