451
93
183
110
278
459
127
136
184
428
297
139
184
17
204
366
110
78
136
459
81
110
7
127
459
136
173
278
297
366
127
428
434
184
204
459
139
81
529
278
173
110
434
288
384
427
183
485
184
8
184
93
428
366
288
110
278
127
451
183
428
139
451
127
17
459
529
110
136
288
184
136
173
459
481
127
288
278
434
485
173
278
139
184
366
81
110
529
8
485
8
78
481
278
81
451
459
366
184
428
139
428
8
110
297
136
173
93
434
78
366
17
278
78
481
485
183
451
428
173
127
17
288
459
8
384
93
278
184
7
427
529
297
184
434
451
384
428
481
8
127
184
136
427
529
278
297
7
428
173
110
434
127
288
459
81
78
93
366
427
366
428
127
204
8
7
288
529
278
459
183
451
485
78
384
17
110
7
434
136
428
7
184
136
485
384
529
288
81
434
136
529
384
288
427
7
434
183
297
184
17
451
136
7
139
481
366
184
288
459
288
110
204
7
17
297
183
485
451
434
384
485
93
110
7
8
184
173
427
17
427
297
481
81
428
485
529
136
366
451
81
127
427
204
434
139
384
110
366
8
481
7
17
288
127
81
451
184
459
139
81
136
485
7
204
93
428
183
278
434
127
481
93
434
78
428
136
366
184
529
529
459
204
366
17
8
434
173
451
427
278
78
110
173
8
183
384
17
93
136
481
278
110
136
427
184
204
8
529
127
451
173
17
93
204
529
434
7
288
428
110
297
204
139
184
384
481
93
7
451
8
184
139
278
136
427
110
81
459
297
288
481
278
183
204
529
8
184
297
17
278
183
434
428
288
81
366
184
7
481
427
78
434
184
384
278
139
81
428
17
139
173
297
110
384
278
136
288
485
127
451
183
110
7
173
136
529
434
384
366
81
17
481
173
485
184
434
297
451
7
136
7
529
384
110
17
78
8
204
288
184
366
481
384
7
278
204
428
288
136
127
8
529
451
481
7
110
288
297
384
8
7
427
93
529
297
184
17
173
183
17
459
204
428
184
297
481
451
366
173
288
127
78
184
139
110
93
427
7
173
278
139
529
451
481
17
110
459
427
384
428
7
366
278
93
8
427
459
434
297
366
297
127
529
451
485
459
110
204
78
110
139
184
81
93
278
8
427
288
297