775
513
1017
838
156
0
371
759
931
53
707
441
109
122
540
0
838
124
109
38
540
759
447
156
53
1017
441
707
714
616
53
931
97
156
124
441
371
616
0
775
714
759
38
109
1017
38
714
212
759
109
838
707
1017
371
616
775
97
156
931
513
124
212
1017
707
371
441
53
122
616
838
447
0
931
540
156
759
212
156
122
124
447
714
616
838
441
931
1017
0
371
540
707
0
931
775
109
156
513
838
540
122
714
212
441
616
38
441
616
38
838
707
540
775
1017
124
371
0
156
97
714
109
616
212
447
513
156
707
0
124
714
775
122
97
53
759
838
775
0
38
371
124
1017
707
53
616
513
156
212
540
931
441
0
212
124
53
156
616
97
513
838
931
714
759
122
447
371
124
447
775
97
931
838
540
371
441
212
1017
513
0
759
38
371
513
775
759
616
97
714
447
212
838
931
53
109
124
707
38
53
616
124
441
212
707
371
775
109
759
0
931
97
540
38
124
156
707
838
513
441
0
616
1017
97
212
122
371
759
714
616
124
931
447
441
122
1017
38
540
513
759
707
109
53
447
124
53
707
775
513
109
212
38
441
838
616
371
156
759
931
371
53
513
38
616
838
109
447
0
97
707
759
540
714
447
109
156
53
513
838
97
775
212
38
0
931
122
714
441
156
707
616
714
838
212
122
931
540
109
441
97
775
513
53
124
156
838
513
97
1017
53
714
931
775
212
0
540
759
447
540
371
513
616
109
931
447
122
0
1017
97
53
124
775
714
931
38
707
122
1017
97
156
441
124
447
540
0
616
109
838
38
0
97
540
122
931
371
109
1017
156
124
447
53
714
759
838
616
53
156
447
371
38
931
707
441
540
775
1017
212
0
97
109
931
212
513
122
616
53
156
441
775
38
1017
0
707
371
122
0
447
97
1017
53
759
838
931
616
441
540
775
212
447
441
371
540
109
53
513
212
0
714
931
38
156
122
616
838
156
53
931
212
441
1017
513
775
447
97
707
616
714
0
38
714
441
371
122
775
707
53
759
109
513
616
931
447
540
97
1017
53
109
122
212
775
714
759
38
540
707
156
0
447
540
124
0
759
447
212
371
616
441
38
931
97
775
122
109
838
616
447
97
38
540
759
156
53
1017
931
109
0
513
707
212
759
838
540
1017
38
97
441
0
156
931
371
513
109
122
124
513
616
714
0
540
97
775
212
53
38
156
441
707
759
540
53
38
212
124
513
122
97
759
775
838
441
371
931
707
97
156
447
122
775
212
513
714
124
371
38
109
0
540
759
707
838
109
759
513
122
1017
447
38
212
931
371
124
714
53
540
714
441
616
759
212
97
513
931
447
0
775
109
53
38
838
441
212
371
1017
714
447
109
616
97
38
931
513
53
122
1017
53
371
97
775
447
714
931
212
0
759
838
38
124
513
616
931
38
540
447
212
707
109
838
97
759
156
122
441
775
371
122
441
53
931
109
775
38
447
540
156
0
759
124
707
931
0
714
212
707
759
371
156
616
513
38
838
122
124
109
1017
540
714
931
38
447
109
441
775
97
707
838
759
122
513
124
53
616
775
447
513
156
838
759
1017
931
38
371
212
540
371
838
124
775
109
53
212
0
38
122
1017
441
513
97
616
122
1017
513
759
707
97
714
109
53
838
540
616
0
441
156
38
714
447
371
109
124
441
931
838
1017
540
97
0
212
513
156
759
441
931
97
0
122
775
513
540
53
371
124
1017
212