96
21
40
43
32
15
286
121
16
175
240
324
481
228
398
103
106
35
239
280
104
424
155
868
1
136
160
147
18
33
155
420
663
20
102
175
424
166
46
828
43
324
16
17
134
1
839
228
12
136
145
170
190
96
181
34
133
397
585
868
32
839
43
24
286
14
35
155
664
160
828
176
596
104
12
669
40
33
96
175
20
34
134
170
141
585
324
240
181
399
46
424
32
130
663
16
664
398
12
669
481
286
106
147
18
15
429
21
868
420
175
43
40
136
145
155
176
1
133
240
176
1
18
971
669
596
424
17
397
104
429
402
401
398
145
447
399
324
141
585
155
280
240
102
134
14
121
481
20
166
402
429
397
12
21
35
664
839
176
286
141
190
447
398
20
971
121
34
669
133
324
14
43
145
401
175
596
46
18
15
424
18
20
106
664
134
324
868
21
971
104
121
596
166
24
129
669
34
239
46
35
33
15
145
190
133
170
103
839
160
121
24
447
839
397
16
130
971
868
155
15
129
166
14
1
402
176
141
240
286
34
170
43
175
280
35
585
228
160
33
398
190
30
104
141
155
397
839
286
868
133
134
585
46
40
424
175
429
18
166
96
828
160
402
664
106
12
102
103
228
35
424
397
141
971
190
104
868
17
136
447
40
402
134
239
176
585
429
133
130
46
280
398
121
663
481
16
15
664
166
96
401
166
155
103
429
828
102
424
239
12
104
664
34
20
1
669
121
399
481
145
43
15
106
160
324
447
32
16
190
30
136
103
324
170
175
1
166
190
14
401
18
96
43
971
181
20
596
663
828
839
130
585
129
133
481
147
134
429
447
828
35
447
398
669
228
17
971
147
20
324
46
15
14
664
102
176
34
181
663
170
24
40
145
21
103
134
32
402
133
136
397
12
104
32
40
447
121
166
190
20
46
16
399
280
175
839
30
155
103
35
106
239
24
147
21
181
130
398
429
15
46
121
176
228
106
35
286
103
129
398
663
399
14
397
1
401
16
141
424
145
32
12
43
17
868
669
134
160
324
102
40
130
447
18
828
12
398
190
402
104
1
16
106
286
147
96
228
145
20
399
30
170
134
176
17
669
121
596
32
160
46
401
15
868
447
17
481
424
324
228
96
33
12
136
16
170
240
664
971
166
828
596
585
106
663
175
402
147
190
24
280
1
190
669
324
228
34
136
176
133
170
134
481
147
397
17
129
43
155
175
839
145
104
596
424
18
96
14
141
839
429
155
34
133
129
16
35
868
14
104
145
166
669
12
32
134
447
96
160
286
147
103
106
33
40
664
18
190
17
596
240
103
40
34
286
12
96
104
398
176
397
228
134
239
18
585
46
129
868
121
424
136
17
35
166
43
24
106
402
239
176
175
129
240
228
828
190
32
30
104
596
286
106
402
133
399
18
15
481
121
155
102
868
585
141
43
12
170
96
46
429
121
33
20
30
160
868
155
12
971
839
585
424
399
420
286
102
1
35
402
175
664
240
106
398
828
280
104
181
166
160
46
121
399
868
30
103
134
33
240
12
175
663
324
133
190
21
398
18
32
14
43
228
239
585
35
420
129
664
133
155
239
103
40
424
176
102
324
839
399
121
585
971
228
663
828
34
46
104
33
136
35
402
398
397
669
240
43
1
32
190
424
402
134
401
102
24
481
129
596
17
324
240
145
104
239
96
103
170
20
181
420
1
669
585
399
160
286
16
166
596
20
46
585
96
130
190
133
136
176
18
134
868
160
401
33
429
32
147
35
16
21
228
669
424
663
828
181
839
129
286
481
828
190
402
669
141
121
181
133
96
103
46
32
20
12
40
18
147
239
1
34
324
596
175
398
447
24
136
669
145
240
402
663
16
147
15
40
398
106
324
46
176
190
175
141
35
401
585
43
839
14
134
160
239
17
1
971
32
43
46
401
481
130
399
447
181
429
32
15
176
145
134
402
286
170
397
424
971
34
239
155
17
663
14
12
190
133
839
12
20
43
134
35
402
129
15
280
16
102
398
121
239
190
21
147
228
170
399
868
420
596
103
33
1
104
429
481
664
239
130
402
420
424
166
20
96
102
32
240
14
175
30
16
136
18
129
40
596
46
190
106
181
399
141
398
401
397
170
585
280
33
166
145
596
669
35
424
34
402
839
18
429
181
398
17
175
46
160
141
663
130
104
121
103
32
481
16
30
239
585
21
102
596
33
429
121
663
397
96
170
868
35
1
46
24
839
141
176
175
15
828
481
147
190
136
129
402
34
96
145
33
402
399
103
121
35
18
240
868
596
420
176
828
166
17
15
286
133
424
43
104
134
175
228
669
21
141
30
104
669
30
34
106
20
399
24
147
839
129
32
136
145
398
868
420
155
18
828
133
324
130
429
190
96
14
141
239
17
34
30
447
424
286
134
166
228
145
170
21
14
175
12
24
181
18
43
1
141
160
971
104
664
401
46
40
420
240
17
121
18
868
170
447
155
34
324
228
971
399
141
669
402
102
145
181
280
481
106
14
585
30
21
33
398
424
104
160
147
121
32
176
147
129
181
96
40
585
401
155
447
18
104
828
664
669
402
324
24
839
14
15
12
130
397
17
868
170
106
420
868
103
181
596
141
424
46
14
399
239
33
30
20
280
155
35
21
40
481
663
669
176
136
166
402
43
18
130
971
399
17
401
30
286
397
839
585
190
280
424
35
145
12
21
103
175
228
160
447
170
398
166
33
663
669
481
104
102
664
240
20
839
16
35
103
1
286
17
420
104
136
424
106
33
40
868
176
96
398
399
828
402
239
24
133
170
34
596
160
134
18
102
669
160
129
420
21
175
240
141
828
133
155
971
121
34
663
40
399
176
170
324
46
33
35
106
190
103
429
1
16
420
166
402
102
160
103
24
14
33
839
133
828
30
15
971
155
43
34
324
239
280
663
21
424
121
104
481
147
420
33
971
14
17
324
280
147
21
239
828
121
176
166
133
181
447
96
20
664
398
134
175
12
240
136
839
145
30
129
130
155
424
402
286
33
46
166
240
170
40
141
20
239
280
147
34
129
12
160
190
106
397
429
16
420
175
663
596
102
129
141
239
30
596
170
228
664
1
133
15
103
280
102
14
176
106
17
24
121
155
324
175
21
166
828
32
33
46
12
176
35
447
420
166
239
43
971
839
96
129
130
160
170
596
324
102
228
32
20
15
828
669
104
40
17
18
133
134
240
971
868
228
596
398
420
429
147
134
14
30
839
399
34
24
96
17
12
397
447
106
669
176
166
190
1
175
104
481
102
401
160
402
176
18
286
398
147
34
141
15
424
228
481
121
96
397
181
134
828
170
129
166
145
155
175
240
16
447
30
32
420
181
12
175
669
424
136
133
24
141
228
33
166
21
280
481
18
971
839
585
429
286
104
398
402
121
16
147
176