49
189
314
414
325
65
157
59
297
35
333
49
65
294
94
102
314
59
298
451
35
194
157
414
325
49
65
251
270
481
102
297
487
251
333
49
451
48
194
270
325
94
297
314
48
298
487
59
65
194
59
270
35
325
94
343
194
333
251
481
49
35
298
189
65
194
48
481
59
343
49
270
102
189
251
487
48
333
35
451
49
298
333
48
343
297
65
481
194
314
251
189
102
49
314
194
487
48
333
35
157
297
294
194
333
65
94
270
343
487
414
48
65
189
297
157
294
481
333
49
65
157
189
297
270
94
251
451
343
487
251
194
325
35
451
48
102
189
65
294
343
270
333
325
102
451
49
297
94
194
294
194
94
297
35
189
65
343
270
298
194
481
189
35
102
270
65
314
414
49
481
414
298
35
270
294
94
251
65
297
333
59
65
48
481
298
294
314
251
270
94
487
414
314
102
298
325
451
48
194
49
48
451
414
270
35
102
298
294
59
333
157
59
487
270
48
294
94
65
251
48
270
333
35
294
59
325
194
65
314
65
298
189
451
59
251
414
333
487
48
59
251
343
333
157
294
94
49
298
65
294
157
333
343
314
194
270
251
48
481
333
48
251
297
294
189
481
298
59
270
189
35
49
65
414
48
314
325
343
194
157
102
333
297
48
94
487
414
481
270
35
189
48
65
487
343
294
102
333
49
59
270
251
35
94
297
65
189
49
194
487
297
414
102
35
343
49
59
189
481
48
35
102
189
94
414
314
194
270
59
487
451
189
270
298
251
414
314
102
94
48
194
35
297
59
333
343
487
325
94
94
251
333
325
49
481
298
59
314
451
333
102
294
35
94
314
65
189
49
194
343
294
35
157
94
59
481
270
297
298
194
49
451
65
35
94
102
414
251
325
297
94
35
314
343
65
270
48
325
487
251
102
297
451
294
343
333
65
481
298
49
343
94
451
294
48
189
157
298
414
49
251
298
297
487
314
333
65
48
59
94
487
157
481
189
270
102
48
251
65
297
189
451
65
270
314
343
194
102
48
251
65
487
102
314
343
94
194
157
48
481
414
343
189
65
157
325
35
333
94
451
65
325
102
270
48
297
333
414
94
451
481
35
102
414
314
194
94
298
333
270
414
157
487
294
251
35
65
48
343