204
73
27
9
25
76
2
15
74
181
2
38
91
112
25
27
76
19
204
9
19
112
9
15
111
1
76
2
204
73
25
112
38
111
76
1
9
15
27
19
28
112
204
9
2
15
111
1
76
133
181
74
2
112
91
19
15
133
9
38
83
181
91
15
1
111
73
27
9
74
181
1
91
15
111
76
9
27
74
38
38
1
111
112
76
91
27
133
25
204
28
38
73
9
181
74
19
1
15
91
28
91
111
73
1
19
74
181
38
15
19
83
2
111
25
115
204
87
91
38
28
38
74
111
115
91
112
25
1
2
73
2
15
91
204
115
27
83
87
112
91
9
1
74
87
83
19
204
25
133
83
91
73
115
19
2
27
38
15
111
28
76
74
9
115
87
204
38
111
25
38
74
25
111
133
115
91
2
83
9
28
25
76
15
112
204
27
38
83
73
28
73
9
2
15
133
83
91
111
1
76
74
91
28
111
87
2
133
38
1
74
25
9
87
111
1
112
91
15
38
1
73
74
25
111
181
28
91
27
204
91
27
112
25
38
87
2
73
111
115
112
76
204
87
181
133
15
9
19
91
76
9
115
87
181
83
25
2
38
111
87
76
25
15
27
83
73
2
38
19
9
2
91
204
83
115
181
74
73
27
76
19
25
181
27
15
112
28
2
38
28
19
91
87
181
83
133
25
76
115
28
83
25
181
15
1
111
91
74
19
73
2
74
133
25
15
111
28
19
76
9
91
15
27
181
76
133
83
111
74
9
83
111
73
25
15
115
1
112
87
181
19
2
115
111
112
73
15
133
87
25
115
204
19
2
87
181
28
38
112
15
87
2
83
9
1
25
76
19
112
9
74
38
133
73
111
15
2
28
91
9
91
111
133
28
83
87
112
19
74
27
133
91
38
73
181
74
28
111
2
115
28
25
27
38
15
19
91
76
74
28
74
9
25
87
73
83
112
76
181
83
15
91
2
111
1
87
19
27
115
112
15
133
87
111
27
38
115
2
28
1
2
87
83
38
19
25
74
111
115
115
28
83
27
1
181
74
15
91
9
204
25
133
28
19
111
27
115
112
15
181
115
9
27
38
2
112
91
73
1
181
38
91
83
2
28
1
9
204
74
2
19
15
74
91
76
111
38
9
83