7
67
71
238
366
239
38
47
307
0
103
239
7
264
87
257
163
71
0
38
165
238
163
47
8
0
257
4
87
67
135
87
264
163
118
67
23
238
307
53
71
53
4
87
103
239
118
165
20
47
239
163
135
7
71
53
103
307
238
23
0
257
163
71
4
366
165
7
264
38
239
135
257
264
163
47
0
8
307
165
165
71
87
135
238
67
38
7
0
4
257
67
20
23
4
53
165
135
7
118
71
4
67
23
8
163
20
257
87
0
67
87
4
366
0
23
239
53
307
165
20
238
0
47
67
87
4
103
135
264
239
20
238
165
4
7
163
47
23
103
257
264
20
87
47
38
7
163
238
0
71
165
20
135
8
257
366
38
4
87
7
4
71
264
8
135
366
38
103
47
4
238
366
7
103
20
0
135
8
165
87
47
103
238
264
163
0
4
23
135
118
4
8
87
53
135
23
366
239
20
118
8
20
0
23
239
38
257
47
87
118
8
103
163
38
239
47
87
53
257
71
239
47
87
165
38
4
163
8
0
238
103
23
47
53
118
239
4
20
71
67
71
103
20
4
257
8
47
366
87
118
71
366
23
7
87
165
238
47
53
23
20
71
87
103
135
264
53
8
366
165
264
4
7
23
135
67
71
366
20
38
87
47
103
239
165
7
8
67
4
238
47
20
8
135
23
264
71
87
118
47
38
20
53
71
118
163
67
165
23
38
71
238
47
4
366
264
103
118
165
118
238
47
366
8
4
103
53
71
264
20
4
366
23
87
67
53
71
103
7
23
87
67
0
366
20
307
238
239
264
71
103
47
165
7
53
0
163
8
239
165
67
135
71
118
20
7
307
4
103
67
135
4
71
118
0
103
307
366
20
53
165
23
47
0
307
87
8
103
67
135
8
239
264
0
87
7
163
53
307
165
87
238
163
366
135
4
118
71
7
239
165
67
118
4
47
8
135
38
238
4
47
238
0
71
87
135
163
53
20
87
7
103
135
20
38
0
366
4
264
67
23
7
87
118
71
0
135
257
264
307
23
239
163
103
257
87
165
135
7
53
47
71
20
38
4
264
103
238
67
47
264
0
103
165
257
38
71
238
135
7
118
103
165
163
264
38
135
71
53
4
103
238
118
38
366
239
163
135
8