151
330
233
199
156
383
61
319
221
499
256
151
341
461
139
115
431
202
178
201
151
341
156
461
202
127
178
319
201
233
19
156
145
550
151
127
256
1
61
234
201
550
61
233
431
142
159
221
330
145
431
127
461
201
221
151
233
115
202
178
19
319
234
115
145
201
199
233
23
127
431
461
550
115
499
156
202
23
536
178
127
23
201
50
178
202
319
383
233
199
159
221
142
383
1
127
341
23
201
178
139
461
319
151
234
115
156
256
50
178
145
151
319
201
341
431
550
330
499
234
199
115
142
156
201
159
461
383
431
127
233
145
151
256
341
1
127
202
50
159
319
199
156
221
234
1
383
178
550
159
341
178
142
202
23
61
139
50
19
156
233
127
156
221
145
234
499
202
1
341
550
499
1
341
202
23
461
61
115
199
319
256
156
201
142
19
115
461
127
341
159
115
1
431
499
19
201
319
151
383
330
319
156
61
202
256
199
201
233
536
221
199
233
145
23
256
234
550
127
142
1
139
536
319
61
159
234
221
156
233
383
330
139
550
233
145
50
256
115
319
550
139
19
61
330
145
431
142
115
221
201
319
221
461
19
50
178
199
341
127
115
23
536
199
19
431
159
330
256
156
139
234
199
151
50
256
19
1
115
341
234
341
536
461
178
50
201
199
159
61
550
145
151
383
330
341
221
234
19
159
202
61
319
139
341
156
201
178
550
221
139
142
19
319
201
159
234
115
50
550
19
23
221
1
115
383
536
201
178
431
145
156
127
431
201
139
23
256
383
50
233
234
159
499
341
202
151
156
1
61
221
127
159
145
61
202
1
23
50
139
461
431
178
319
536
115
127
159
233
151
50
19
115
536
199
1
431
139
127
234
319
23
461
156
151
199
127
499
234
159
256
1
199
202
127
201
145
550
178
221
50
1
330
536
199
23
234
178
139
383
178
201
199
499
536
19
23
145
550
115
61
159
431
202
1
139
330
256
499
201
383
536
330
550
127
61
431
199
202
115
23
233
151
221
201
431
499
199
145
202
156
145
234
341
23
159
330
536
221
178
256
550
1
201
234
159
156
139
178
23
156
145
221
319
202
550
383
50
234
151
550
461
202
233
201
61
221
159
151
319
142
536
159
461
178
341
550
202
151
221