82
10
31
2
1
10
3
2
14
31
7
2
3
10
1
7
14
82
3
2
10
3
1
82
2
2
14
7
82
31
14
10
82
7
31
7
14
3
1
31
10
7
1
82
3
14
82
31
1
2
31
3
2
10
14
2
7
14
31
82
31
2
7
14
82
2
7
31
10
14
7
31
1
2
3
3
1
7
10
2
1
7
82
31
10
14
1
3
7
82
14
2
10
7
1
31
2
82
10
14
7
82
3
31
1
2
7
10
14
3
10
3
1
14
7
82
1
3
14
10
7
14
2
82
31
31
2
3
1
10
3
31
1
7
82
31
2
82
14
1
3
31
7
14
82
82
10
31
3
7
2
1
14
7
10
2
10
3
1
31
10
3
1
2
7
10
1
2
82
7
14
3
82
2
7
1
10
3
31
82
10
2
1
82
7
82
31
10
7
2
82
1
10
2
14
10
2
82
14
31
1
3
82
14
7
2
7
82
14
10
82
7
31
1
10
2
31
10
7
1
1
3
82
2
14
2
31
14
3
7
31
7
14
10
1
7
3
31
14
1
10
31
2
82
3
2
3
10
82
7