108
383
516
324
577
269
607
460
289
401
66
256
311
540
462
108
383
516
324
577
269
607
460
289
401
66
256
311
540
462
108
383
516
324
577
269
607
460
289
401
66
256
311
540
462
108
383
516
324
577
269
607
460
289
401
66
256
311
540
462
108
383
516
324
577
269
607
460
289
401
66
256
311
540
462
108
383
516
324
577
269
607
460
289
401
66
256
311
540
462
108
383
516
324
577
269
607
460
289
401
66
256
311
540
462
108
383
516
324
577
269
607
460
289
401
66
256
311
540
462
108
383
516
324
577
269
607
460
289
401
66
256
311
540
462
108
383
516
324
577
269
607
460
289
401
66
256
311
540
462
108
383
516
324
577
269
607
460
289
401
66
256
311
540
462
108
383
516
324
577
269
607
460
289
401
66
256
311
540
462
108
383
516
324
577
269
607
460
289
401
66
256
311
540
462
108
383
516
324
577
269
607
460
289
401
66
256
311
540
462
108
383
516
324
577
269
607
460
289
401
66
256
311
540
462
108
383
516
324
577
269
607
460
289
401
66
256
311
540
462
108
383
516
324
577
269
607
460
289
401
66
256
311
540
462
108
383
516
324
577
269
607
460
289
401
66
256
311
540
462
108
383
516
324
577
269
607
460
289
401
66
256
311
540
462
108
383
516
324
577
269
607
460
289
401
66
256
311
540
462
108
383
516
324
577
269
607
460
289
401
66
256
311
540
462
108
383
516
324
577
269
607
460
289
401
66
256
311
540
462
108
383
516
324
577
269
607
460
289
401
66
256
311
540
462
108
383
516
324
577
269
607
460
289
401
66
256
311
540
462
108
383
516
324
577
269
607
460
289
401
66
256
311
540
462
108
383
516
324
577
269
607
460
289
401
66
256
311
540
462
108
383
516
324
577
269
607
460
289
401
66
256
311
540
462
108
383
516
324
577
269
607
460
289
401
66
256
311
540
462
108
383
516
324
577
269
607
460
289
401
66
256
311
540
462
108
383
516
324
577
269
607
460
289
401
66
256
311
540
462
108
383
516
324
577
269
607
460
289
401
66
256
311
540
462
108
383
516
324
577
269
607
460
289
401
66
256
311
540
462
108
383
516
324
577
269
607
460
289
401
66
256
311
540
462
108
383
516
324
577
269
607
460
289
401
66
256
311
540
462
108
383
516
324
577
269
607
460
289
401
66
256
311
540
462
108
383
516
324
577
269
607
460
289
401
66
256
311
540
462
108
383
516
324
577
269
607
460
289
401
66
256
311
540
462
108
383
516
324
577
269
607
460
289
401
66
256
311
540
462
108
383
516
324
577
269
607
460
289
401
66
256
311
540
462
108
383
516
324
577
269
607
460
289
401
66
256
311
540
462
108
383
516
324
577
269
607
460
289
401
66
256
311
540
462
108
383
516
324
577
269
607
460
289
401
66
256
311
540
462
108
383
516
324
577
269
607
460
289
401
66
256
311
540
462
108
383
516
324
577
269
607
460
289
401
66
256
311
540
462
108
383
516
324
577
269
607
460
289
401
66
256
311
540
462
108
383
516
324
577
269
607
460
289
401
66
256
311
540
462
108
383
516
324
577
269
607
460
289
401
66
256
311
540
462
108
383
516
324
577
269
607
460
289
401
66
256
311
540
462
108
383
516
324
577
269
607
460
289
401
66
256
311
540
462
108
383
516
324
577
269
607
460
289
401
66
256
311
540
462
