283
958
2813
303
407
2601
16
79
197
313
3980
299
3029
254
123
3265
15
59
179
136
283
958
2813
303
407
2601
16
79
197
313
3980
299
3029
254
123
3265
15
59
179
136
283
958
2813
303
407
2601
16
79
197
313
3980
299
3029
254
123
3265
15
59
179
136
283
958
2813
303
407
2601
16
79
197
313
3980
299
3029
254
123
3265
15
59
179
136
283
958
2813
303
407
2601
16
79
197
313
3980
299
3029
254
123
3265
15
59
179
136
283
958
2813
303
407
2601
16
79
197
313
3980
299
3029
254
123
3265
15
59
179
136
283
958
2813
303
407
2601
16
79
197
313
3980
299
3029
254
123
3265
15
59
179
136
283
958
2813
303
407
2601
16
79
197
313
3980
299
3029
254
123
3265
15
59
179
136
283
958
2813
303
407
2601
16
79
197
313
3980
299
3029
254
123
3265
15
59
179
136
283
958
2813
303
407
2601
16
79
197
313
3980
299
3029
254
123
3265
15
59
179
136
283
958
2813
303
407
2601
16
79
197
313
3980
299
3029
254
123
3265
15
59
179
136
283
958
2813
303
407
2601
16
79
197
313
3980
299
3029
254
123
3265
15
59
179
136
283
958
2813
303
407
2601
16
79
197
313
3980
299
3029
254
123
3265
15
59
179
136
283
958
2813
303
407
2601
16
79
197
313
3980
299
3029
254
123
3265
15
59
179
136
283
958
2813
303
407
2601
16
79
197
313
3980
299
3029
254
123
3265
15
59
179
136
283
958
2813
303
407
2601
16
79
197
313
3980
299
3029
254
123
3265
15
59
179
136
283
958
2813
303
407
2601
16
79
197
313
3980
299
3029
254
123
3265
15
59
179
136
283
958
2813
303
407
2601
16
79
197
313
3980
299
3029
254
123
3265
15
59
179
136
283
958
2813
303
407
2601
16
79
197
313
3980
299
3029
254
123
3265
15
59
179
136
283
958
2813
303
407
2601
16
79
197
313
3980
299
3029
254
123
3265
15
59
179
136
283
958
2813
303
407
2601
16
79
197
313
3980
299
3029
254
123
3265
15
59
179
136
283
958
2813
303
407
2601
16
79
197
313
3980
299
3029
254
123
3265
15
59
179
136
283
958
2813
303
407
2601
16
79
197
313
3980
299
3029
254
123
3265
15
59
179
136
283
958
2813
303
407
2601
16
79
197
313
3980
299
3029
254
123
3265
15
59
179
136
283
958
2813
303
407
2601
16
79
197
313
3980
299
3029
254
123
3265
15
59
179
136
283
958
2813
303
407
2601
16
79
197
313
3980
299
3029
254
123
3265
15
59
179
136
283
958
2813
303
407
2601
16
79
197
313
3980
299
3029
254
123
3265
15
59
179
136
283
958
2813
303
407
2601
16
79
197
313
3980
299
3029
254
123
3265
15
59
179
136
283
958
2813
303
407
2601
16
79
197
313
3980
299
3029
254
123
3265
15
59
179
136
283
958
2813
303
407
2601
16
79
197
313
3980
299
3029
254
123
3265
15
59
179
136
283
958
2813
303
407
2601
16
79
197
313
3980
299
3029
254
123
3265
15
59
179
136
283
958
2813
303
407
2601
16
79
197
313
3980
299
3029
254
123
3265
15
59
179
136
283
958
2813
303
407
2601
16
79
197
313
3980
299
3029
254
123
3265
15
59
179
136
283
958
2813
303
407
2601
16
79
197
313
3980
299
3029
254
123
3265
15
59
179
136
283
958
2813
303
407
2601
16
79
197
313
3980
299
3029
254
123
3265
15
59
179
136
283
958
2813
303
407
2601
16
79
197
313
3980
299
3029
254
123
3265
15
59
179
136
283
958
2813
303
407
2601
16
79
197
313
3980
299
3029
254
123
3265
15
59
179
136
283
958
2813
303
407
2601
16
79
197
313
3980
299
3029
254
123
3265
15
59
179
136
283
958
2813
303
407
2601
16
79
197
313
3980
299
3029
254
123
3265
15
59
179
136
283
958
2813
303
407
2601
16
79
197
313
3980
299
3029
254
123
3265
15
59
179
136
283
958
2813
303
407
2601
16
79
197
313
3980
299
3029
254
123
3265
15
59
179
136
283
958
2813
303
407
2601
16
79
197
313
3980
299
3029
254
123
3265
15
59
179
136
283
958
2813
303
407
2601
16
79
197
313
3980
299
3029
254
123
3265
15
59
179
136
283
958
2813
303
407
2601
16
79
197
313
3980
299
3029
254
123
3265
15
59
179
136
283
958
2813
303
407
2601
16
79
197
313
3980
299
3029
254
123
3265
15
59
179
136
283
958
2813
303
407
2601
16
79
197
313
3980
299
3029
254
123
3265
15
59
179
136
283
958
2813
303
407
2601
16
79
197
313
3980
299
3029
254
123
3265
15
59
179
136
283
958
2813
303
407
2601
16
79
197
313
3980
299
3029
254
123
3265
15
59
179
136
283
958
2813
303
407
2601
16
79
197
313
3980
299
3029
254
123
3265
15
59
179
136
283
958
2813
303
407
2601
16
79
197
313
3980
299
3029
254
123
3265
15
59
179
136
