161
105
284
264
255
356
138
383
464
196
234
541
260
101
525
229
178
454
295
363
572
308
70
333
40
161
105
284
264
255
356
138
383
464
196
234
541
260
101
525
229
178
454
295
363
572
308
70
333
40
161
105
284
264
255
356
138
383
464
196
234
541
260
101
525
229
178
454
295
363
572
308
70
333
40
161
105
284
264
255
356
138
383
464
196
234
541
260
101
525
229
178
454
295
363
572
308
70
333
40
161
105
284
264
255
356
138
383
464
196
234
541
260
101
525
229
178
454
295
363
572
308
70
333
40
161
105
284
264
255
356
138
383
464
196
234
541
260
101
525
229
178
454
295
363
572
308
70
333
40
161
105
284
264
255
356
138
383
464
196
234
541
260
101
525
229
178
454
295
363
572
308
70
333
40
161
105
284
264
255
356
138
383
464
196
234
541
260
101
525
229
178
454
295
363
572
308
70
333
40
161
105
284
264
255
356
138
383
464
196
234
541
260
101
525
229
178
454
295
363
572
308
70
333
40
161
105
284
264
255
356
138
383
464
196
234
541
260
101
525
229
178
454
295
363
572
308
70
333
40
161
105
284
264
255
356
138
383
464
196
234
541
260
101
525
229
178
454
295
363
572
308
70
333
40
161
105
284
264
255
356
138
383
464
196
234
541
260
101
525
229
178
454
295
363
572
308
70
333
40
161
105
284
264
255
356
138
383
464
196
234
541
260
101
525
229
178
454
295
363
572
308
70
333
40
161
105
284
264
255
356
138
383
464
196
234
541
260
101
525
229
178
454
295
363
572
308
70
333
40
161
105
284
264
255
356
138
383
464
196
234
541
260
101
525
229
178
454
295
363
572
308
70
333
40
161
105
284
264
255
356
138
383
464
196
234
541
260
101
525
229
178
454
295
363
572
308
70
333
40
161
105
284
264
255
356
138
383
464
196
234
541
260
101
525
229
178
454
295
363
572
308
70
333
40
161
105
284
264
255
356
138
383
464
196
234
541
260
101
525
229
178
454
295
363
572
308
70
333
40
161
105
284
264
255
356
138
383
464
196
234
541
260
101
525
229
178
454
295
363
572
308
70
333
40
161
105
284
264
255
356
138
383
464
196
234
541
260
101
525
229
178
454
295
363
572
308
70
333
40
161
105
284
264
255
356
138
383
464
196
234
541
260
101
525
229
178
454
295
363
572
308
70
333
40
161
105
284
264
255
356
138
383
464
196
234
541
260
101
525
229
178
454
295
363
572
308
70
333
40
161
105
284
264
255
356
138
383
464
196
234
541
260
101
525
229
178
454
295
363
572
308
70
333
40
161
105
284
264
255
356
138
383
464
196
234
541
260
101
525
229
178
454
295
363
572
308
70
333
40
161
105
284
264
255
356
138
383
464
196
234
541
260
101
525
229
178
454
295
363
572
308
70
333
40
161
105
284
264
255
356
138
383
464
196
234
541
260
101
525
229
178
454
295
363
572
308
70
333
40
161
105
284
264
255
356
138
383
464
196
234
541
260
101
525
229
178
454
295
363
572
308
70
333
40
161
105
284
264
255
356
138
383
464
196
234
541
260
101
525
229
178
454
295
363
572
308
70
333
40
161
105
284
264
255
356
138
383
464
196
234
541
260
101
525
229
178
454
295
363
572
308
70
333
40
161
105
284
264
255
356
138
383
464
196
234
541
260
101
525
229
178
454
295
363
572
308
70
333
40
161
105
284
264
255
356
138
383
464
196
234
541
260
101
525
229
178
454
295
363
572
308
70
333
40
161
105
284
264
255
356
138
383
464
196
234
541
260
101
525
229
178
454
295
363
572
308
70
333
40
161
105
284
264
255
356
138
383
464
196
234
541
260
101
525
229
178
454
295
363
572
308
70
333
40
161
105
284
264
255
356
138
383
464
196
234
541
260
101
525
229
178
454
295
363
572
308
70
333
40
161
105
284
264
255
356
138
383
464
196
234
541
260
101
525
229
178
454
295
363
572
308
70
333
40
161
105
284
264
255
356
138
383
464
196
234
541
260
101
525
229
178
454
295
363
572
308
70
333
40
161
105
284
264
255
356
138
383
464
196
234
541
260
101
525
229
178
454
295
363
572
308
70
333
40
161
105
284
264
255
356
138
383
464
196
234
541
260
101
525
229
178
454
295
363
572
308
70
333
40
161
105
284
264
255
356
138
383
464
196
234
541
260
101
525
229
178
454
295
363
572
308
70
333
40
161
105
284
264
255
356
138
383
464
196
234
541
260
101
525
229
178
454
295
363
572
308
70
333
40
161
105
284
264
255
356
138
383
464
196
234
541
260
101
525
229
178
454
295
363
572
308
70
333
40
161
105
284
264
255
356
138
383
464
196
234
541
260
101
525
229
178
454
295
363
572
308
70
333
40
161
105
284
264
255
356
138
383
464
196
234
541
260
101
525
229
178
454
295
363
572
308
70
333
40
161
105
284
264
255
356
138
383
464
196
234
541
260
101
525
229
178
454
295
363
572
308
70
333
40
161
105
284
264
255
356
138
383
464
196
234
541
260
101
525
229
178
454
295
363
572
308
70
333
40
161
105
284
264
255
356
138
383
464
196
234
541
260
101
525
229
178
454
295
363
572
308
70
333
40
161
105
284
264
255
356
138
383
464
196
234
541
260
101
525
229
178
454
295
363
572
308
70
333
40
161
105
284
264
255
356
138
383
464
196
234
541
260
101
525
229
178
454
295
363
572
308
70
333
40
161
105
284
264
255
356
138
383
464
196
234
541
260
101
525
229
178
454
295
363
572
308
70
333
40
161
105
284
264
255
356
138
383
464
196
234
541
260
101
525
229
178
454
295
363
572
308
70
333
40
