1
4
2
3
9
54
44
36
35
38
1
4
2
3
9
54
44
36
35
38
1
4
2
3
9
54
44
36
35
38
1
4
2
3
9
54
44
36
35
38
1
4
2
3
9
54
44
36
35
38
1
4
2
3
9
54
44
36
35
38
1
4
2
3
9
54
44
36
35
38
1
4
2
3
9
54
44
36
35
38
1
4
2
3
9
54
44
36
35
38
1
4
2
3
9
54
44
36
35
38
1
4
2
3
9
54
44
36
35
38
1
4
2
3
9
54
44
36
35
38
1
4
2
3
9
54
44
36
35
38
1
4
2
3
9
54
44
36
35
38
1
4
2
3
9
54
44
36
35
38
1
4
2
3
9
54
44
36
35
38
1
4
2
3
9
54
44
36
35
38
1
4
2
3
9
54
44
36
35
38
1
4
2
3
9
54
44
36
35
38
1
4
2
3
9
54
44
36
35
38
1
4
2
3
9
54
44
36
35
38
1
4
2
3
9
54
44
36
35
38
1
4
2
3
9
54
44
36
35
38
1
4
2
3
9
54
44
36
35
38
1
4
2
3
9
54
44
36
35
38
1
4
2
3
9
54
44
36
35
38
1
4
2
3
9
54
44
36
35
38
1
4
2
3
9
54
44
36
35
38
1
4
2
3
9
54
44
36
35
38
1
4
2
3
9
54
44
36
35
38
1
4
2
3
9
54
44
36
35
38
1
4
2
3
9
54
44
36
35
38
1
4
2
3
9
54
44
36
35
38
1
4
2
3
9
54
44
36
35
38
1
4
2
3
9
54
44
36
35
38
1
4
2
3
9
54
44
36
35
38
1
4
2
3
9
54
44
36
35
38
1
4
2
3
9
54
44
36
35
38
1
4
2
3
9
54
44
36
35
38
1
4
2
3
9
54
44
36
35
38
1
4
2
3
9
54
44
36
35
38
1
4
2
3
9
54
44
36
35
38
1
4
2
3
9
54
44
36
35
38
1
4
2
3
9
54
44
36
35
38
1
4
2
3
9
54
44
36
35
38
1
4
2
3
9
54
44
36
35
38
1
4
2
3
9
54
44
36
35
38
1
4
2
3
9
54
44
36
35
38
1
4
2
3
9
54
44
36
35
38
1
4
2
3
9
54
44
36
35
38
