3
170
40
8
61
4
223
222
10
13
3
170
40
8
61
4
223
222
10
13
3
170
40
8
61
4
223
222
10
13
3
170
40
8
61
4
223
222
10
13
3
170
40
8
61
4
223
222
10
13
3
170
40
8
61
4
223
222
10
13
3
170
40
8
61
4
223
222
10
13
3
170
40
8
61
4
223
222
10
13
3
170
40
8
61
4
223
222
10
13
3
170
40
8
61
4
223
222
10
13
3
170
40
8
61
4
223
222
10
13
3
170
40
8
61
4
223
222
10
13
3
170
40
8
61
4
223
222
10
13
3
170
40
8
61
4
223
222
10
13
3
170
40
8
61
4
223
222
10
13
3
170
40
8
61
4
223
222
10
13
3
170
40
8
61
4
223
222
10
13
3
170
40
8
61
4
223
222
10
13
3
170
40
8
61
4
223
222
10
13
3
170
40
8
61
4
223
222
10
13
3
170
40
8
61
4
223
222
10
13
3
170
40
8
61
4
223
222
10
13
3
170
40
8
61
4
223
222
10
13
3
170
40
8
61
4
223
222
10
13
3
170
40
8
61
4
223
222
10
13
3
170
40
8
61
4
223
222
10
13
3
170
40
8
61
4
223
222
10
13
3
170
40
8
61
4
223
222
10
13
3
170
40
8
61
4
223
222
10
13
3
170
40
8
61
4
223
222
10
13
3
170
40
8
61
4
223
222
10
13
3
170
40
8
61
4
223
222
10
13
3
170
40
8
61
4
223
222
10
13
3
170
40
8
61
4
223
222
10
13
3
170
40
8
61
4
223
222
10
13
3
170
40
8
61
4
223
222
10
13
3
170
40
8
61
4
223
222
10
13
3
170
40
8
61
4
223
222
10
13
3
170
40
8
61
4
223
222
10
13
3
170
40
8
61
4
223
222
10
13
3
170
40
8
61
4
223
222
10
13
3
170
40
8
61
4
223
222
10
13
3
170
40
8
61
4
223
222
10
13
3
170
40
8
61
4
223
222
10
13
3
170
40
8
61
4
223
222
10
13
3
170
40
8
61
4
223
222
10
13
3
170
40
8
61
4
223
222
10
13
3
170
40
8
61
4
223
222
10
13
3
170
40
8
61
4
223
222
10
13
3
170
40
8
61
4
223
222
10
13
