35
94
260
137
277
36
142
215
0
11
35
94
260
137
277
36
142
215
0
11
35
94
260
137
277
36
142
215
0
11
35
94
260
137
277
36
142
215
0
11
35
94
260
137
277
36
142
215
0
11
35
94
260
137
277
36
142
215
0
11
35
94
260
137
277
36
142
215
0
11
35
94
260
137
277
36
142
215
0
11
35
94
260
137
277
36
142
215
0
11
35
94
260
137
277
36
142
215
0
11
35
94
260
137
277
36
142
215
0
11
35
94
260
137
277
36
142
215
0
11
35
94
260
137
277
36
142
215
0
11
35
94
260
137
277
36
142
215
0
11
35
94
260
137
277
36
142
215
0
11
35
94
260
137
277
36
142
215
0
11
35
94
260
137
277
36
142
215
0
11
35
94
260
137
277
36
142
215
0
11
35
94
260
137
277
36
142
215
0
11
35
94
260
137
277
36
142
215
0
11
35
94
260
137
277
36
142
215
0
11
35
94
260
137
277
36
142
215
0
11
35
94
260
137
277
36
142
215
0
11
35
94
260
137
277
36
142
215
0
11
35
94
260
137
277
36
142
215
0
11
35
94
260
137
277
36
142
215
0
11
35
94
260
137
277
36
142
215
0
11
35
94
260
137
277
36
142
215
0
11
35
94
260
137
277
36
142
215
0
11
35
94
260
137
277
36
142
215
0
11
35
94
260
137
277
36
142
215
0
11
35
94
260
137
277
36
142
215
0
11
35
94
260
137
277
36
142
215
0
11
35
94
260
137
277
36
142
215
0
11
35
94
260
137
277
36
142
215
0
11
35
94
260
137
277
36
142
215
0
11
35
94
260
137
277
36
142
215
0
11
35
94
260
137
277
36
142
215
0
11
35
94
260
137
277
36
142
215
0
11
35
94
260
137
277
36
142
215
0
11
35
94
260
137
277
36
142
215
0
11
35
94
260
137
277
36
142
215
0
11
35
94
260
137
277
36
142
215
0
11
35
94
260
137
277
36
142
215
0
11
35
94
260
137
277
36
142
215
0
11
35
94
260
137
277
36
142
215
0
11
35
94
260
137
277
36
142
215
0
11
35
94
260
137
277
36
142
215
0
11
35
94
260
137
277
36
142
215
0
11
35
94
260
137
277
36
142
215
0
11
