18
137
89
60
104
269
173
317
178
16
18
137
89
60
104
269
173
317
178
16
18
137
89
60
104
269
173
317
178
16
18
137
89
60
104
269
173
317
178
16
18
137
89
60
104
269
173
317
178
16
18
137
89
60
104
269
173
317
178
16
18
137
89
60
104
269
173
317
178
16
18
137
89
60
104
269
173
317
178
16
18
137
89
60
104
269
173
317
178
16
18
137
89
60
104
269
173
317
178
16
18
137
89
60
104
269
173
317
178
16
18
137
89
60
104
269
173
317
178
16
18
137
89
60
104
269
173
317
178
16
18
137
89
60
104
269
173
317
178
16
18
137
89
60
104
269
173
317
178
16
18
137
89
60
104
269
173
317
178
16
18
137
89
60
104
269
173
317
178
16
18
137
89
60
104
269
173
317
178
16
18
137
89
60
104
269
173
317
178
16
18
137
89
60
104
269
173
317
178
16
18
137
89
60
104
269
173
317
178
16
18
137
89
60
104
269
173
317
178
16
18
137
89
60
104
269
173
317
178
16
18
137
89
60
104
269
173
317
178
16
18
137
89
60
104
269
173
317
178
16
18
137
89
60
104
269
173
317
178
16
18
137
89
60
104
269
173
317
178
16
18
137
89
60
104
269
173
317
178
16
18
137
89
60
104
269
173
317
178
16
18
137
89
60
104
269
173
317
178
16
18
137
89
60
104
269
173
317
178
16
18
137
89
60
104
269
173
317
178
16
18
137
89
60
104
269
173
317
178
16
18
137
89
60
104
269
173
317
178
16
18
137
89
60
104
269
173
317
178
16
18
137
89
60
104
269
173
317
178
16
18
137
89
60
104
269
173
317
178
16
18
137
89
60
104
269
173
317
178
16
18
137
89
60
104
269
173
317
178
16
18
137
89
60
104
269
173
317
178
16
18
137
89
60
104
269
173
317
178
16
18
137
89
60
104
269
173
317
178
16
18
137
89
60
104
269
173
317
178
16
18
137
89
60
104
269
173
317
178
16
18
137
89
60
104
269
173
317
178
16
18
137
89
60
104
269
173
317
178
16
18
137
89
60
104
269
173
317
178
16
18
137
89
60
104
269
173
317
178
16
18
137
89
60
104
269
173
317
178
16
18
137
89
60
104
269
173
317
178
16
