4
110
57
118
51
177
179
107
59
174
4
110
57
118
51
177
179
107
59
174
4
110
57
118
51
177
179
107
59
174
4
110
57
118
51
177
179
107
59
174
4
110
57
118
51
177
179
107
59
174
4
110
57
118
51
177
179
107
59
174
4
110
57
118
51
177
179
107
59
174
4
110
57
118
51
177
179
107
59
174
4
110
57
118
51
177
179
107
59
174
4
110
57
118
51
177
179
107
59
174
4
110
57
118
51
177
179
107
59
174
4
110
57
118
51
177
179
107
59
174
4
110
57
118
51
177
179
107
59
174
4
110
57
118
51
177
179
107
59
174
4
110
57
118
51
177
179
107
59
174
4
110
57
118
51
177
179
107
59
174
4
110
57
118
51
177
179
107
59
174
4
110
57
118
51
177
179
107
59
174
4
110
57
118
51
177
179
107
59
174
4
110
57
118
51
177
179
107
59
174
4
110
57
118
51
177
179
107
59
174
4
110
57
118
51
177
179
107
59
174
4
110
57
118
51
177
179
107
59
174
4
110
57
118
51
177
179
107
59
174
4
110
57
118
51
177
179
107
59
174
4
110
57
118
51
177
179
107
59
174
4
110
57
118
51
177
179
107
59
174
4
110
57
118
51
177
179
107
59
174
4
110
57
118
51
177
179
107
59
174
4
110
57
118
51
177
179
107
59
174
4
110
57
118
51
177
179
107
59
174
4
110
57
118
51
177
179
107
59
174
4
110
57
118
51
177
179
107
59
174
4
110
57
118
51
177
179
107
59
174
4
110
57
118
51
177
179
107
59
174
4
110
57
118
51
177
179
107
59
174
4
110
57
118
51
177
179
107
59
174
4
110
57
118
51
177
179
107
59
174
4
110
57
118
51
177
179
107
59
174
4
110
57
118
51
177
179
107
59
174
4
110
57
118
51
177
179
107
59
174
4
110
57
118
51
177
179
107
59
174
4
110
57
118
51
177
179
107
59
174
4
110
57
118
51
177
179
107
59
174
4
110
57
118
51
177
179
107
59
174
4
110
57
118
51
177
179
107
59
174
4
110
57
118
51
177
179
107
59
174
4
110
57
118
51
177
179
107
59
174
4
110
57
118
51
177
179
107
59
174
4
110
57
118
51
177
179
107
59
174
